'p1','p2','p3'
0.7386847140682438,0.24,0.021315285931756245
0.73,0.24898983653841483,0.021010163461585185
0.7290239700308624,0.25,0.02097602996913761
0.72,0.2593224248177953,0.0206775751822047
0.7193440119623659,0.26,0.020655988037634132
0.71,0.26963516578073626,0.020364834219263772
0.7096461318928688,0.27,0.020353868107131134
0.7,0.27992947333958523,0.02007052666041481
0.6999314742119156,0.28,0.02006852578808438
0.6901170083595376,0.29,0.019882991640462422
0.69,0.2901187807257772,0.019881219274222872
0.6802652314021647,0.3,0.01973476859783535
0.68,0.3002690255327225,0.01973097446727745
0.6704052587397484,0.31,0.01959474126025157
0.9091256527111643,0.01,0.0808743472888357
0.91,0.010571595225841881,0.07942840477415809
0.92,0.019087151503580084,0.060912848496419876
0.9207861597470731,0.02,0.05921384025292688
0.9205436479001585,0.03,0.04945635209984148
0.92,0.03125258537352118,0.04874741462647878
0.9162027603290284,0.04,0.043797239670971634
0.9104288944436489,0.05,0.03957110555635106
0.91,0.05058951178822483,0.03941048821177514
0.903152506392863,0.06,0.03684749360713696
0.9,0.06408498115607442,0.03591501884392556
0.8954345352915658,0.07,0.03456546470843419
0.89,0.07675839994144554,0.03324160005855445
0.8873929922194214,0.08,0.03260700778057864
0.88,0.08891917435253391,0.031080825647466087
0.879103981267402,0.09,0.030896018732598035
0.8704377338362943,0.1,0.02956226616370569
0.87,0.10048420762033336,0.029515792379666644
0.8613965808877437,0.11,0.028603419112256265
0.86,0.1115291522939842,0.02847084770601581
0.8522626726592906,0.12,0.02773732734070944
0.85,0.12245643833146765,0.027543561668532376
0.8430506815897344,0.13,0.0269493184102656
0.84,0.13328810127485732,0.026711898725142708
0.8337720058732706,0.14,0.02622799412672938
0.83,0.14404042736868108,0.025959572631318956
0.824435674566623,0.15,0.025564325433376972
0.82,0.15472578928910322,0.025274210710896833
0.815048959959871,0.16,0.024951040040128963
0.81,0.16535380492680465,0.024646195073195293
0.805617803947304,0.17,0.02438219605269601
0.8,0.1759320974023056,0.02406790259769437
0.7961471223198475,0.18,0.023852877680152484
0.79,0.18646681001514903,0.023533189984850933
0.7866410266539803,0.19,0.023358973346019718
0.78,0.19696296503732924,0.023037034962670733
0.7771029891982905,0.2,0.022897010801709528
0.77,0.2074247198455901,0.022575280154409877
0.7675359674680305,0.21,0.022464032531969463
0.76,0.21785555369556106,0.02214444630443893
0.7579424998076626,0.22,0.022057500192337404
0.75,0.22825840649902523,0.021741593500974765
0.7483247796725068,0.23,0.021675220327493222
0.74,0.23863578367206748,0.021364216327932534
0.7386847140682438,0.24,0.021315285931756245
