'p1','p2','p3'
0.028465322363576743,0.0005,0.9710346776364233
0.028,0.00050814756351015,0.9714918524364898
0.0275,0.0005170755636160828,0.9719829244363839
0.027,0.0005261831537240196,0.972473816846276
0.0265,0.0005354770316581718,0.9729645229683419
0.026,0.0005449642780492244,0.9734550357219508
0.0255,0.0005546523860714287,0.9739453476139286
0.025,0.0005645492941245222,0.9744354507058754
0.0245,0.0005746634218174959,0.9749253365781826
0.024,0.0005850037096627929,0.9754149962903372
0.0235,0.0005955796629497282,0.9759044203370503
0.023,0.0006064014003365306,0.9763935985996635
0.0225,0.0006174797077834053,0.9768825202922167
0.022,0.0006288260985469474,0.977371173901453
0.0215,0.0006404528800722092,0.9778595471199278
0.021,0.0006523732287565006,0.9783476267712434
0.0205,0.0006646012737233566,0.9788353987262767
0.02,0.0006771521909419669,0.979322847809058
0.0195,0.0006900423092640772,0.979809957690736
0.019,0.000703289230236307,0.9802967107697637
0.0185,0.0007169119638928057,0.9807830880361073
0.018,0.0007309310831562269,0.9812690689168437
0.0175,0.0007453688999934239,0.9817546311000066
0.017,0.0007602496671110193,0.982239750332889
0.0165,0.0007755998097673577,0.9827244001902327
0.016,0.0007914481932635932,0.9832085518067364
0.0155,0.0008078264329136255,0.9836921735670864
0.015,0.0008247692548541611,0.9841752307451458
0.0145,0.0008423149180416057,0.9846576850819584
0.014,0.0008605057103256264,0.9851394942896744
0.0135,0.0008793885347728738,0.9856206114652272
0.013,0.0008990156066902193,0.9861009843933097
0.0125,0.0009194452874154643,0.9865805547125845
0.012,0.0009407430883987873,0.9870592569116012
0.0115,0.0009629828890944379,0.9875370171109056
0.011,0.0009862484257370974,0.9880137515742629
0.010718051873753505,0.001,0.9882819481262465
0.0105,0.0010182021292178564,0.9884817978707822
0.01,0.0010620463133808595,0.9889379536866192
0.0095,0.0011082126499236138,0.9893917873500764
0.009,0.0011569522825166118,0.9898430477174833
0.0085,0.0012085594516991088,0.990291440548301
0.008,0.0012633819569858014,0.9907366180430142
0.0075,0.0013218349999593098,0.9911781650000407
0.007,0.0013844198106393371,0.9916155801893607
0.0065,0.0014517491886862155,0.9920482508113139
0.006168762377229081,0.0015,0.992331237622771
0.006,0.0015346880723163953,0.9924653119276836
0.0055,0.001646580470083102,0.9928534195299169
0.005,0.0017693338515082989,0.9932306661484916
0.0045,0.0019052403339664442,0.9935947596660336
0.004188626577024138,0.002,0.9938113734229759
0.004,0.0020740917493080645,0.9939259082506919
0.0035,0.002297090807452923,0.9942029091925472
0.0031065016324686753,0.0025,0.9943934983675313
0.003,0.0025672910404794303,0.9944327089595205
0.0025,0.00294151061678969,0.9945584893832103
0.002436245345007735,0.003,0.9945637546549922
0.002,0.003473897252224959,0.9945261027477751
0.001981390186554887,0.0035,0.9945186098134452
0.0016729526943516538,0.004,0.9943270473056484
0.0015,0.004318219960639532,0.9941817800393605
0.001430009219224816,0.0045,0.9940699907807752
0.001257996089180415,0.005,0.9937420039108196
0.0011025698160554442,0.0055,0.9933974301839446
0.001,0.005861849614636344,0.9931381503853637
0.0009771283103820706,0.006,0.9930228716896179
0.0009010675962369906,0.0065,0.9925989324037631
0.0008307277500893629,0.007,0.9921692722499106
0.0007653187451457582,0.0075,0.9917346812548543
0.0007042037001329734,0.008,0.991295796299867
0.0006468616877349182,0.0085,0.9908531383122652
0.0005928611897136174,0.009,0.9904071388102864
0.0005418407385906644,0.0095,0.9899581592614094
0.0005,0.009932720026440888,0.9895672799735592
