p1,p2,p3
0.46959753683164623,0.0,0.5304024631683537
0.46909753683164623,0.001,0.5299024631683538
0.469,0.0011950736632925436,0.5298049263367075
0.4685975368316464,0.002,0.5294024631683536
0.4680975368316465,0.003,0.5289024631683535
0.468,0.003195073663292901,0.5288049263367072
0.4675975368316463,0.004,0.5284024631683537
0.4670975368316461,0.005,0.5279024631683539
0.467,0.0051950736632921,0.5278049263367078
0.46659753683164623,0.006,0.5274024631683538
0.4660975368316463,0.007,0.5269024631683538
0.466,0.007195073663292544,0.5268049263367075
0.4655975368316463,0.008,0.5264024631683537
0.4650975368316463,0.009,0.5259024631683537
0.465,0.009195073663292455,0.5258049263367075
0.46459753683164623,0.01,0.5254024631683538
0.46409753683164645,0.011,0.5249024631683535
0.464,0.0111950736632929,0.5248049263367072
0.4635975368316463,0.012,0.5244024631683537
0.4630975368316461,0.013,0.5239024631683539
0.463,0.013195073663292098,0.5238049263367078
0.4625975368316462,0.014,0.5234024631683538
0.4620975368316463,0.015,0.5229024631683538
0.462,0.015195073663292542,0.5228049263367075
0.4615975368316463,0.016,0.5224024631683537
0.4610975368316463,0.017,0.5219024631683536
0.461,0.017195073663292457,0.5218049263367075
0.4605975368316462,0.018,0.5214024631683538
0.4600975368316463,0.019,0.5209024631683538
0.46,0.019195073663292542,0.5208049263367075
0.4595975368316463,0.02,0.5204024631683537
0.4590975368316461,0.021,0.5199024631683539
0.459,0.0211950736632921,0.5198049263367078
0.4585975368316462,0.022,0.5194024631683538
0.4580975368316463,0.023,0.5189024631683538
0.458,0.023195073663292542,0.5188049263367075
0.4575975368316463,0.024,0.5184024631683537
0.4570975368316463,0.025,0.5179024631683536
0.457,0.025195073663292458,0.5178049263367075
0.4565975368316462,0.026,0.5174024631683538
0.4560975368316463,0.027,0.5169024631683538
0.456,0.027195073663292543,0.5168049263367075
0.4555975368316463,0.028,0.5164024631683537
0.4550975368316461,0.029,0.5159024631683539
0.455,0.0291950736632921,0.5158049263367078
0.4545975368316462,0.03,0.5154024631683538
0.4540975368316463,0.031,0.5149024631683538
0.454,0.031195073663292543,0.5148049263367075
0.4535975368316463,0.032,0.5144024631683537
0.4530975368316463,0.033,0.5139024631683536
0.453,0.03319507366329246,0.5138049263367075
0.4525975368316462,0.034,0.5134024631683538
0.4520975368316463,0.035,0.5129024631683538
0.452,0.035195073663292546,0.5128049263367075
0.4515975368316463,0.036,0.5124024631683537
0.4510975368316461,0.037,0.5119024631683539
0.451,0.0371950736632921,0.5118049263367078
0.4505975368316462,0.038,0.5114024631683538
0.45009753683164627,0.039,0.5109024631683537
0.45,0.03919507366329254,0.5108049263367075
0.44959753683164627,0.04,0.5104024631683537
0.44909753683164627,0.041,0.5099024631683536
0.449,0.04119507366329246,0.5098049263367075
0.4485975368316462,0.042,0.5094024631683538
0.44809753683164627,0.043,0.5089024631683537
0.448,0.04319507366329254,0.5088049263367075
0.44759753683164627,0.044,0.5084024631683537
0.4470975368316461,0.045,0.5079024631683539
0.447,0.0451950736632921,0.5078049263367078
0.4465975368316462,0.046,0.5074024631683538
0.44609753683164627,0.047,0.5069024631683537
0.446,0.04719507366329254,0.5068049263367075
0.44559753683164627,0.048,0.5064024631683537
0.44509753683164627,0.049,0.5059024631683536
0.445,0.04919507366329246,0.5058049263367075
0.4445975368316462,0.05,0.5054024631683538
0.44409753683164627,0.051,0.5049024631683537
0.444,0.05119507366329254,0.5048049263367075
0.44359753683164627,0.052,0.5044024631683537
0.4430975368316461,0.053,0.5039024631683539
0.443,0.0531950736632921,0.5038049263367078
0.4425975368316462,0.054,0.5034024631683538
0.44209753683164627,0.055,0.5029024631683537
0.442,0.05519507366329254,0.5028049263367075
0.44159753683164626,0.056,0.5024024631683537
0.44109753683164626,0.057,0.5019024631683536
0.441,0.05719507366329246,0.5018049263367075
0.4405975368316462,0.058,0.5014024631683538
0.44009753683164643,0.059,0.5009024631683536
0.44,0.0591950736632929,0.5008049263367071
0.4395975368316462,0.06,0.5004024631683537
0.43909753683164626,0.061,0.4999024631683537
0.439,0.06119507366329246,0.4998049263367075
0.4385975368316462,0.062,0.49940246316835385
0.43809753683164626,0.063,0.4989024631683538
0.438,0.06319507366329263,0.4988049263367074
0.4375975368316464,0.064,0.4984024631683535
0.43709753683164626,0.065,0.4979024631683537
0.437,0.06519507366329245,0.4978049263367075
0.4365975368316462,0.066,0.49740246316835385
0.43609753683164626,0.067,0.4969024631683538
0.436,0.06719507366329264,0.4968049263367074
0.4355975368316464,0.068,0.4964024631683535
0.43509753683164626,0.069,0.4959024631683537
0.435,0.06919507366329246,0.4958049263367075
0.4345975368316462,0.07,0.49540246316835385
0.43409753683164626,0.071,0.4949024631683538
0.434,0.07119507366329254,0.49480492633670753
0.43359753683164626,0.072,0.49440246316835373
0.43309753683164626,0.073,0.4939024631683537
0.433,0.07319507366329245,0.4938049263367075
0.4325975368316462,0.074,0.49340246316835384
0.43209753683164626,0.075,0.4929024631683538
0.432,0.07519507366329255,0.4928049263367075
0.43159753683164626,0.076,0.49240246316835373
0.43109753683164626,0.077,0.4919024631683537
0.431,0.07719507366329245,0.49180492633670747
0.4305975368316462,0.078,0.49140246316835384
0.43009753683164625,0.079,0.4909024631683538
0.43,0.07919507366329255,0.4908049263367075
0.42959753683164625,0.08,0.49040246316835373
0.42909753683164625,0.081,0.4899024631683537
0.429,0.08119507366329246,0.48980492633670747
0.4285975368316462,0.082,0.48940246316835384
0.42809753683164625,0.083,0.4889024631683538
0.428,0.08319507366329255,0.4888049263367075
0.42759753683164625,0.084,0.48840246316835373
0.42709753683164625,0.085,0.4879024631683537
0.427,0.08519507366329246,0.48780492633670747
0.4265975368316462,0.086,0.4874024631683539
0.4260975368316465,0.087,0.4869024631683536
0.426,0.08719507366329289,0.4868049263367072
0.42559753683164625,0.088,0.4864024631683538
0.42509753683164625,0.089,0.4859024631683537
0.425,0.08919507366329255,0.4858049263367074
0.42459753683164636,0.09,0.48540246316835367
0.42409753683164647,0.091,0.4849024631683536
0.424,0.09119507366329299,0.4848049263367071
0.42359753683164647,0.092,0.48440246316835356
0.42309753683164625,0.093,0.4839024631683537
0.423,0.09319507366329245,0.4838049263367075
0.4225975368316462,0.094,0.4834024631683539
0.42209753683164647,0.095,0.4829024631683536
0.422,0.0951950736632929,0.4828049263367072
0.42159753683164625,0.096,0.4824024631683538
0.42109753683164625,0.097,0.4819024631683537
0.421,0.09719507366329255,0.4818049263367074
0.42059753683164636,0.098,0.48140246316835367
0.42009753683164647,0.099,0.4809024631683536
0.42,0.099195073663293,0.4808049263367071
0.41959753683164647,0.1,0.48040246316835356
0.41909753683164624,0.101,0.4799024631683537
0.419,0.10119507366329246,0.4798049263367075
0.4185975368316462,0.102,0.4794024631683539
0.41809753683164647,0.103,0.4789024631683536
0.418,0.10319507366329289,0.4788049263367072
0.41759753683164624,0.104,0.4784024631683538
0.41709753683164624,0.105,0.4779024631683537
0.417,0.10519507366329255,0.4778049263367074
0.41659753683164635,0.106,0.47740246316835366
0.41609753683164646,0.107,0.4769024631683536
0.416,0.10719507366329299,0.47680492633670707
0.41559753683164646,0.108,0.47640246316835355
0.41509753683164624,0.109,0.4759024631683537
0.415,0.10919507366329245,0.4758049263367075
0.4145975368316462,0.11,0.4754024631683539
0.41409753683164646,0.111,0.4749024631683536
0.414,0.1111950736632929,0.4748049263367072
0.41359753683164624,0.112,0.47440246316835377
0.41309753683164624,0.113,0.4739024631683537
0.413,0.11319507366329255,0.4738049263367074
0.41259753683164635,0.114,0.47340246316835366
0.41209753683164646,0.115,0.4729024631683536
0.412,0.115195073663293,0.47280492633670707
0.41159753683164646,0.116,0.47240246316835355
0.41109753683164624,0.117,0.4719024631683537
0.411,0.11719507366329246,0.4718049263367075
0.4105975368316462,0.118,0.4714024631683539
0.41009753683164624,0.119,0.4709024631683538
0.41,0.11919507366329254,0.47080492633670756
0.40959753683164624,0.12,0.47040246316835377
0.40909753683164624,0.121,0.4699024631683537
0.409,0.12119507366329255,0.46980492633670745
0.40859753683164635,0.122,0.46940246316835366
0.40809753683164623,0.123,0.4689024631683538
0.408,0.12319507366329263,0.46880492633670745
0.40759753683164646,0.124,0.46840246316835354
0.40709753683164623,0.125,0.4679024631683537
0.407,0.12519507366329247,0.4678049263367075
0.4065975368316462,0.126,0.4674024631683539
0.4060975368316463,0.127,0.4669024631683537
0.406,0.12719507366329255,0.46680492633670745
0.4055975368316463,0.128,0.46640246316835376
0.4050975368316463,0.129,0.4659024631683537
0.405,0.12919507366329255,0.46580492633670745
0.4045975368316463,0.13,0.46540246316835365
0.4040975368316463,0.131,0.4649024631683537
0.404,0.13119507366329256,0.46480492633670745
0.4035975368316464,0.132,0.46440246316835354
0.4030975368316463,0.133,0.4639024631683537
0.403,0.13319507366329247,0.4638049263367075
0.4025975368316462,0.134,0.4634024631683539
0.4020975368316463,0.135,0.4629024631683537
0.402,0.13519507366329256,0.46280492633670745
0.4015975368316463,0.136,0.46240246316835376
0.4010975368316463,0.137,0.4619024631683537
0.401,0.13719507366329256,0.46180492633670744
0.4005975368316463,0.138,0.46140246316835365
0.4000975368316463,0.139,0.4609024631683537
0.4,0.13919507366329256,0.46080492633670744
0.3995975368316464,0.14,0.46040246316835354
0.3990975368316463,0.141,0.4599024631683537
0.399,0.14119507366329245,0.45980492633670755
0.39859753683164617,0.142,0.45940246316835387
0.3980975368316463,0.143,0.4589024631683537
0.398,0.14319507366329245,0.45880492633670755
0.39759753683164617,0.144,0.45840246316835376
0.3970975368316463,0.145,0.4579024631683537
0.397,0.14519507366329254,0.45780492633670744
0.3965975368316463,0.146,0.45740246316835365
0.3960975368316463,0.147,0.4569024631683537
0.396,0.14719507366329246,0.45680492633670755
0.3955975368316462,0.148,0.45640246316835376
0.3950975368316463,0.149,0.4559024631683537
0.395,0.14919507366329246,0.45580492633670755
0.39459753683164617,0.15,0.45540246316835387
0.3940975368316463,0.151,0.4549024631683537
0.394,0.15119507366329246,0.45480492633670755
0.39359753683164617,0.152,0.45440246316835375
0.3930975368316463,0.153,0.4539024631683537
0.393,0.15319507366329255,0.45380492633670744
0.3925975368316463,0.154,0.45340246316835364
0.3920975368316463,0.155,0.4529024631683537
0.392,0.15519507366329247,0.45280492633670755
0.3915975368316462,0.156,0.45240246316835375
0.3910975368316463,0.157,0.4519024631683537
0.391,0.15719507366329247,0.45180492633670755
0.39059753683164616,0.158,0.45140246316835386
0.3900975368316463,0.159,0.4509024631683537
0.39,0.15919507366329247,0.45080492633670755
0.38959753683164616,0.16,0.45040246316835375
0.3890975368316463,0.161,0.4499024631683537
0.389,0.16119507366329255,0.44980492633670743
0.3885975368316463,0.162,0.44940246316835364
0.3880975368316463,0.163,0.4489024631683537
0.388,0.16319507366329247,0.44880492633670754
0.3875975368316462,0.164,0.44840246316835375
0.38709753683164627,0.165,0.4479024631683537
0.387,0.16519507366329247,0.44780492633670754
0.38659753683164616,0.166,0.44740246316835386
0.38609753683164627,0.167,0.4469024631683537
0.386,0.16719507366329248,0.44680492633670754
0.38559753683164616,0.168,0.44640246316835375
0.38509753683164627,0.169,0.4459024631683537
0.385,0.16919507366329256,0.44580492633670743
0.38459753683164627,0.17,0.44540246316835364
0.38409753683164627,0.171,0.4449024631683537
0.384,0.17119507366329256,0.44480492633670743
0.38359753683164627,0.172,0.4444024631683538
0.38309753683164627,0.173,0.44390246316835374
0.383,0.17319507366329254,0.44380492633670743
0.3825975368316464,0.174,0.4434024631683537
0.38209753683164627,0.175,0.44290246316835374
0.382,0.17519507366329254,0.4428049263367074
0.38159753683164627,0.176,0.4424024631683538
0.38109753683164627,0.177,0.44190246316835374
0.381,0.17719507366329254,0.4418049263367074
0.3805975368316464,0.178,0.4414024631683537
0.38009753683164627,0.179,0.44090246316835374
0.38,0.17919507366329254,0.4408049263367074
0.37959753683164627,0.18,0.4404024631683538
0.37909753683164626,0.181,0.43990246316835374
0.379,0.18119507366329254,0.4398049263367074
0.3785975368316464,0.182,0.4394024631683537
0.37809753683164626,0.183,0.43890246316835374
0.378,0.18319507366329255,0.4388049263367074
0.37759753683164626,0.184,0.4384024631683538
0.37709753683164626,0.185,0.43790246316835374
0.377,0.18519507366329255,0.4378049263367074
0.3765975368316464,0.186,0.4374024631683537
0.37609753683164626,0.187,0.43690246316835374
0.376,0.18719507366329255,0.4368049263367074
0.37559753683164626,0.188,0.4364024631683538
0.37509753683164626,0.189,0.43590246316835374
0.375,0.18919507366329255,0.4358049263367074
0.37459753683164637,0.19,0.4354024631683537
0.37409753683164626,0.191,0.43490246316835374
0.374,0.19119507366329255,0.4348049263367074
0.37359753683164626,0.192,0.4344024631683538
0.37309753683164626,0.193,0.43390246316835374
0.373,0.19319507366329255,0.4338049263367074
0.37259753683164637,0.194,0.4334024631683537
0.37209753683164626,0.195,0.43290246316835373
0.372,0.19519507366329256,0.4328049263367074
0.37159753683164626,0.196,0.4324024631683538
0.37109753683164626,0.197,0.43190246316835373
0.371,0.19719507366329256,0.4318049263367074
0.37059753683164637,0.198,0.4314024631683537
0.37009753683164626,0.199,0.43090246316835373
0.37,0.19919507366329256,0.4308049263367074
0.36959753683164626,0.2,0.4304024631683538
0.36909753683164626,0.201,0.42990246316835373
0.369,0.20119507366329256,0.4298049263367074
0.36859753683164637,0.202,0.4294024631683537
0.36809753683164625,0.203,0.42890246316835373
0.368,0.20319507366329265,0.42880492633670736
0.3675975368316465,0.204,0.4284024631683536
0.36709753683164625,0.205,0.4279024631683538
0.367,0.20519507366329254,0.42780492633670747
0.36659753683164636,0.206,0.42740246316835373
0.36609753683164625,0.207,0.4269024631683538
0.366,0.20719507366329254,0.42680492633670747
0.36559753683164636,0.208,0.4264024631683536
0.36509753683164625,0.209,0.4259024631683538
0.365,0.20919507366329254,0.42580492633670747
0.36459753683164636,0.21,0.42540246316835373
0.36409753683164625,0.211,0.4249024631683538
0.364,0.21119507366329263,0.4248049263367074
0.3635975368316465,0.212,0.4244024631683536
0.36309753683164625,0.213,0.4239024631683538
0.363,0.21319507366329254,0.42380492633670747
0.36259753683164636,0.214,0.4234024631683537
0.36209753683164625,0.215,0.4229024631683538
0.362,0.21519507366329255,0.42280492633670747
0.36159753683164636,0.216,0.4224024631683536
0.36109753683164625,0.217,0.4219024631683538
0.361,0.21719507366329255,0.42180492633670746
0.36059753683164636,0.218,0.4214024631683537
0.36009753683164625,0.219,0.4209024631683538
0.36,0.21919507366329263,0.4208049263367074
0.35959753683164647,0.22,0.4204024631683536
0.35909753683164625,0.221,0.4199024631683538
0.359,0.22119507366329255,0.41980492633670746
0.35859753683164636,0.222,0.4194024631683537
0.35809753683164625,0.223,0.4189024631683538
0.358,0.22319507366329255,0.41880492633670746
0.35759753683164636,0.224,0.4184024631683536
0.35709753683164625,0.225,0.4179024631683538
0.357,0.22519507366329256,0.41780492633670746
0.35659753683164636,0.226,0.4174024631683537
0.35609753683164624,0.227,0.4169024631683538
0.356,0.22719507366329264,0.4168049263367074
0.35559753683164647,0.228,0.4164024631683536
0.35509753683164624,0.229,0.4159024631683538
0.355,0.22919507366329256,0.41580492633670746
0.35459753683164635,0.23,0.4154024631683537
0.35409753683164624,0.231,0.4149024631683538
0.354,0.23119507366329256,0.41480492633670746
0.35359753683164635,0.232,0.4144024631683536
0.35309753683164624,0.233,0.4139024631683538
0.353,0.23319507366329256,0.41380492633670746
0.35259753683164635,0.234,0.4134024631683537
0.35209753683164624,0.235,0.4129024631683538
0.352,0.23519507366329254,0.4128049263367075
0.35159753683164635,0.236,0.4124024631683536
0.35109753683164624,0.237,0.41190246316835377
0.351,0.23719507366329254,0.4118049263367075
0.35059753683164635,0.238,0.4114024631683537
0.35009753683164624,0.239,0.41090246316835377
0.35,0.23919507366329254,0.4108049263367075
0.34959753683164635,0.24,0.4104024631683536
0.34909753683164624,0.241,0.40990246316835377
0.349,0.24119507366329254,0.4098049263367075
0.34859753683164624,0.242,0.4094024631683537
0.34809753683164624,0.243,0.40890246316835377
0.348,0.24319507366329254,0.4088049263367075
0.34759753683164635,0.244,0.4084024631683536
0.34709753683164624,0.245,0.40790246316835377
0.347,0.24519507366329255,0.4078049263367075
0.34659753683164635,0.246,0.4074024631683537
0.34609753683164624,0.247,0.40690246316835377
0.346,0.24719507366329255,0.4068049263367075
0.34559753683164635,0.248,0.4064024631683536
0.34509753683164623,0.249,0.40590246316835377
0.345,0.24919507366329255,0.4058049263367075
0.34459753683164623,0.25,0.4054024631683537
0.34409753683164623,0.251,0.40490246316835377
0.344,0.2511950736632925,0.4048049263367075
0.3435975368316464,0.252,0.4044024631683536
0.3430975368316463,0.253,0.40390246316835376
0.343,0.2531950736632925,0.4038049263367075
0.3425975368316463,0.254,0.4034024631683537
0.3420975368316463,0.255,0.40290246316835365
0.342,0.25519507366329247,0.40280492633670745
0.34159753683164623,0.256,0.4024024631683538
0.3410975368316463,0.257,0.40190246316835376
0.341,0.25719507366329253,0.4018049263367075
0.3405975368316463,0.258,0.4014024631683537
0.3400975368316463,0.259,0.40090246316835365
0.34,0.2591950736632925,0.40080492633670745
0.33959753683164623,0.26,0.4004024631683538
0.3390975368316463,0.261,0.39990246316835376
0.339,0.26119507366329253,0.3998049263367075
0.3385975368316463,0.262,0.3994024631683537
0.3380975368316463,0.263,0.39890246316835365
0.338,0.2631950736632925,0.39880492633670744
0.3375975368316462,0.264,0.3984024631683538
0.3370975368316463,0.265,0.39790246316835376
0.337,0.26519507366329254,0.3978049263367075
0.3365975368316463,0.266,0.3974024631683537
0.3360975368316463,0.267,0.39690246316835365
0.336,0.2671950736632925,0.39680492633670744
0.3355975368316462,0.268,0.3964024631683538
0.3350975368316463,0.269,0.39590246316835376
0.335,0.26919507366329254,0.3958049263367075
0.3345975368316463,0.27,0.3954024631683537
0.3340975368316463,0.271,0.39490246316835365
0.334,0.2711950736632925,0.39480492633670744
0.3335975368316462,0.272,0.3944024631683538
0.3330975368316463,0.273,0.39390246316835376
0.333,0.27319507366329254,0.3938049263367075
0.3325975368316463,0.274,0.3934024631683537
0.3320975368316463,0.275,0.39290246316835364
0.332,0.2751950736632925,0.39280492633670744
0.3315975368316462,0.276,0.3924024631683538
0.3310975368316463,0.277,0.39190246316835375
0.331,0.27719507366329255,0.3918049263367075
0.3305975368316463,0.278,0.3914024631683537
0.3300975368316463,0.279,0.39090246316835364
0.33,0.2791950736632925,0.39080492633670744
0.3295975368316462,0.28,0.3904024631683538
0.3290975368316463,0.281,0.38990246316835375
0.329,0.28119507366329266,0.3898049263367074
0.32859753683164644,0.282,0.38940246316835353
0.3280975368316463,0.283,0.3889024631683537
0.328,0.28319507366329244,0.3888049263367075
0.3275975368316462,0.284,0.38840246316835386
0.3270975368316463,0.285,0.3879024631683538
0.327,0.2851950736632926,0.38780492633670743
0.32659753683164644,0.286,0.38740246316835353
0.3260975368316463,0.287,0.3869024631683537
0.326,0.28719507366329244,0.3868049263367075
0.3255975368316462,0.288,0.38640246316835386
0.32509753683164627,0.289,0.3859024631683538
0.325,0.2891950736632926,0.38580492633670743
0.32459753683164644,0.29,0.3854024631683535
0.32409753683164627,0.291,0.3849024631683537
0.324,0.29119507366329245,0.3848049263367075
0.3235975368316462,0.292,0.38440246316835386
0.32309753683164627,0.293,0.3839024631683538
0.323,0.2931950736632926,0.38380492633670743
0.32259753683164644,0.294,0.3834024631683535
0.32209753683164627,0.295,0.3829024631683537
0.322,0.29519507366329245,0.3828049263367075
0.3215975368316462,0.296,0.38240246316835386
0.32109753683164627,0.297,0.3819024631683538
0.321,0.2971950736632926,0.38180492633670743
0.32059753683164643,0.298,0.3814024631683535
0.32009753683164627,0.299,0.3809024631683537
0.32,0.29919507366329245,0.3808049263367075
0.3195975368316462,0.3,0.38040246316835385
0.31909753683164627,0.301,0.3799024631683538
0.319,0.3011950736632926,0.3798049263367074
0.31859753683164643,0.302,0.3794024631683535
0.31809753683164627,0.303,0.3789024631683537
0.318,0.30319507366329246,0.3788049263367075
0.3175975368316462,0.304,0.37840246316835385
0.31709753683164627,0.305,0.3779024631683538
0.317,0.3051950736632926,0.3778049263367074
0.31659753683164643,0.306,0.3774024631683535
0.31609753683164626,0.307,0.3769024631683537
0.316,0.30719507366329246,0.3768049263367075
0.3155975368316462,0.308,0.37640246316835385
0.31509753683164626,0.309,0.3759024631683538
0.315,0.30919507366329263,0.3758049263367074
0.31459753683164643,0.31,0.3754024631683535
0.31409753683164626,0.311,0.3749024631683537
0.314,0.31119507366329247,0.3748049263367075
0.3135975368316462,0.312,0.37440246316835385
0.31309753683164626,0.313,0.3739024631683538
0.313,0.31319507366329263,0.3738049263367074
0.3125975368316464,0.314,0.3734024631683535
0.31209753683164626,0.315,0.3729024631683537
0.312,0.31519507366329247,0.3728049263367075
0.3115975368316462,0.316,0.37240246316835385
0.31109753683164626,0.317,0.3719024631683538
0.311,0.31719507366329264,0.3718049263367074
0.3105975368316464,0.318,0.3714024631683535
0.31009753683164626,0.319,0.3709024631683537
0.31,0.3191950736632925,0.3708049263367075
0.3095975368316462,0.32,0.37040246316835385
0.30909753683164626,0.321,0.3699024631683538
0.309,0.32119507366329264,0.3698049263367074
0.3085975368316464,0.322,0.3694024631683535
0.30809753683164626,0.323,0.3689024631683537
0.308,0.3231950736632925,0.3688049263367075
0.3075975368316462,0.324,0.36840246316835384
0.30709753683164626,0.325,0.3679024631683538
0.307,0.32519507366329264,0.3678049263367074
0.3065975368316464,0.326,0.3674024631683535
0.30609753683164626,0.327,0.3669024631683537
0.306,0.3271950736632925,0.36680492633670747
0.3055975368316462,0.328,0.36640246316835384
0.30509753683164625,0.329,0.3659024631683538
0.305,0.32919507366329265,0.3658049263367074
0.3045975368316464,0.33,0.3654024631683535
0.30409753683164625,0.331,0.3649024631683537
0.304,0.3311950736632925,0.36480492633670747
0.3035975368316462,0.332,0.36440246316835384
0.30309753683164625,0.333,0.3639024631683538
0.303,0.33319507366329265,0.3638049263367074
0.3025975368316464,0.334,0.3634024631683535
0.30209753683164625,0.335,0.3629024631683537
0.302,0.3351950736632925,0.36280492633670747
0.3015975368316462,0.336,0.36240246316835384
0.30109753683164625,0.337,0.3619024631683538
0.301,0.33719507366329265,0.3618049263367074
0.3005975368316464,0.338,0.3614024631683535
0.30009753683164625,0.339,0.36090246316835367
0.3,0.3391950736632925,0.36080492633670747
0.2995975368316462,0.34,0.36040246316835384
0.29909753683164625,0.341,0.3599024631683538
0.299,0.34119507366329266,0.3598049263367074
0.2985975368316464,0.342,0.3594024631683535
0.29809753683164625,0.343,0.35890246316835367
0.298,0.3431950736632925,0.35880492633670746
0.2975975368316462,0.344,0.3584024631683539
0.29709753683164625,0.345,0.35790246316835383
0.297,0.3451950736632925,0.3578049263367076
0.29659753683164625,0.346,0.3574024631683538
0.29609753683164625,0.347,0.3569024631683537
0.296,0.3471950736632925,0.35680492633670746
0.29559753683164636,0.348,0.35640246316835367
0.29509753683164625,0.349,0.35590246316835383
0.295,0.3491950736632926,0.35580492633670746
0.29459753683164647,0.35,0.35540246316835356
0.29409753683164624,0.351,0.3549024631683537
0.294,0.35119507366329245,0.3548049263367075
0.2935975368316462,0.352,0.3544024631683539
0.29309753683164624,0.353,0.35390246316835383
0.293,0.3531950736632925,0.35380492633670757
0.29259753683164624,0.354,0.3534024631683538
0.29209753683164624,0.355,0.3529024631683537
0.292,0.3551950736632925,0.35280492633670746
0.29159753683164635,0.356,0.35240246316835366
0.29109753683164624,0.357,0.35190246316835383
0.291,0.3571950736632926,0.35180492633670746
0.29059753683164646,0.358,0.35140246316835355
0.29009753683164624,0.359,0.3509024631683537
0.29,0.35919507366329245,0.3508049263367075
0.2895975368316462,0.36,0.3504024631683539
0.28909753683164624,0.361,0.34990246316835383
0.289,0.3611950736632925,0.34980492633670757
0.28859753683164624,0.362,0.34940246316835377
0.28809753683164624,0.363,0.3489024631683537
0.288,0.3631950736632925,0.34880492633670745
0.28759753683164635,0.364,0.34840246316835366
0.28709753683164624,0.365,0.3479024631683538
0.287,0.3651950736632926,0.34780492633670745
0.28659753683164646,0.366,0.34740246316835355
0.28609753683164624,0.367,0.3469024631683537
0.286,0.36719507366329246,0.3468049263367075
0.2855975368316462,0.368,0.3464024631683539
0.28509753683164624,0.369,0.3459024631683538
0.285,0.3691950736632925,0.34580492633670756
0.28459753683164624,0.37,0.34540246316835377
0.28409753683164624,0.371,0.3449024631683537
0.284,0.3711950736632925,0.34480492633670745
0.28359753683164635,0.372,0.34440246316835366
0.28309753683164623,0.373,0.3439024631683538
0.283,0.37319507366329263,0.34380492633670745
0.28259753683164646,0.374,0.34340246316835354
0.28209753683164623,0.375,0.3429024631683537
0.282,0.37519507366329247,0.3428049263367075
0.2815975368316462,0.376,0.3424024631683539
0.2810975368316463,0.377,0.3419024631683537
0.281,0.37719507366329247,0.3418049263367075
0.2805975368316462,0.378,0.34140246316835376
0.2800975368316463,0.379,0.3409024631683537
0.28,0.3791950736632925,0.34080492633670745
0.2795975368316464,0.38,0.34040246316835365
0.2790975368316463,0.381,0.3399024631683537
0.279,0.3811950736632925,0.33980492633670745
0.2785975368316464,0.382,0.33940246316835354
0.2780975368316463,0.383,0.3389024631683537
0.278,0.3831950736632925,0.3388049263367075
0.2775975368316462,0.384,0.3384024631683539
0.2770975368316463,0.385,0.3379024631683537
0.277,0.3851950736632925,0.3378049263367075
0.2765975368316462,0.386,0.33740246316835376
0.2760975368316463,0.387,0.3369024631683537
0.276,0.38719507366329253,0.33680492633670744
0.2755975368316464,0.388,0.33640246316835365
0.2750975368316463,0.389,0.3359024631683537
0.275,0.38919507366329253,0.33580492633670744
0.2745975368316464,0.39,0.33540246316835354
0.2740975368316463,0.391,0.3349024631683537
0.274,0.3911950736632925,0.3348049263367075
0.27359753683164617,0.392,0.33440246316835387
0.2730975368316463,0.393,0.3339024631683537
0.273,0.3931950736632925,0.3338049263367075
0.27259753683164617,0.394,0.33340246316835376
0.2720975368316463,0.395,0.3329024631683537
0.272,0.39519507366329254,0.33280492633670744
0.2715975368316464,0.396,0.33240246316835365
0.2710975368316463,0.397,0.3319024631683537
0.271,0.39719507366329254,0.33180492633670744
0.2705975368316463,0.398,0.33140246316835376
0.2700975368316463,0.399,0.3309024631683537
0.27,0.39919507366329254,0.33080492633670744
0.2695975368316463,0.4,0.33040246316835364
0.2690975368316463,0.401,0.3299024631683537
0.269,0.4011950736632925,0.3298049263367075
0.26859753683164617,0.402,0.32940246316835375
0.2680975368316463,0.403,0.3289024631683537
0.268,0.40319507366329255,0.32880492633670744
0.2675975368316464,0.404,0.32840246316835364
0.2670975368316463,0.405,0.3279024631683537
0.267,0.40519507366329255,0.32780492633670744
0.2665975368316463,0.406,0.32740246316835375
0.2660975368316463,0.407,0.32690246316835375
0.266,0.40719507366329244,0.32680492633670755
0.2655975368316462,0.408,0.3264024631683538
0.2650975368316463,0.409,0.32590246316835375
0.265,0.4091950736632925,0.3258049263367075
0.2645975368316464,0.41,0.3254024631683536
0.2640975368316463,0.411,0.32490246316835375
0.264,0.4111950736632925,0.3248049263367075
0.2635975368316464,0.412,0.3244024631683537
0.2630975368316463,0.413,0.32390246316835375
0.263,0.4131950736632925,0.3238049263367075
0.26259753683164627,0.414,0.3234024631683538
0.26209753683164627,0.415,0.32290246316835375
0.262,0.41519507366329245,0.32280492633670754
0.2615975368316462,0.416,0.3224024631683538
0.26109753683164627,0.417,0.32190246316835375
0.261,0.4171950736632925,0.3218049263367075
0.2605975368316464,0.418,0.3214024631683536
0.26009753683164627,0.419,0.32090246316835375
0.26,0.4191950736632925,0.3208049263367075
0.2595975368316464,0.42,0.3204024631683537
0.25909753683164627,0.421,0.31990246316835375
0.259,0.4211950736632925,0.3198049263367075
0.25859753683164627,0.422,0.3194024631683538
0.25809753683164627,0.423,0.31890246316835374
0.258,0.42319507366329245,0.31880492633670754
0.2575975368316462,0.424,0.3184024631683538
0.25709753683164627,0.425,0.31790246316835374
0.257,0.4251950736632925,0.3178049263367075
0.2565975368316464,0.426,0.3174024631683536
0.25609753683164627,0.427,0.31690246316835374
0.256,0.4271950736632925,0.3168049263367075
0.2555975368316464,0.428,0.3164024631683537
0.25509753683164627,0.429,0.31590246316835374
0.255,0.4291950736632925,0.3158049263367075
0.25459753683164627,0.43,0.3154024631683538
0.25409753683164626,0.431,0.31490246316835374
0.254,0.43119507366329246,0.31480492633670754
0.2535975368316462,0.432,0.3144024631683538
0.25309753683164626,0.433,0.31390246316835374
0.253,0.4331950736632925,0.3138049263367075
0.2525975368316464,0.434,0.3134024631683536
0.25209753683164626,0.435,0.31290246316835374
0.252,0.4351950736632925,0.3128049263367075
0.2515975368316464,0.436,0.3124024631683537
0.25109753683164626,0.437,0.31190246316835374
0.251,0.4371950736632925,0.3118049263367075
0.25059753683164626,0.438,0.3114024631683538
0.25009753683164626,0.439,0.31090246316835374
0.25,0.43919507366329247,0.31080492633670753
0.24959753683164623,0.44,0.3104024631683538
0.24909753683164626,0.441,0.30990246316835374
0.249,0.4411950736632925,0.3098049263367075
0.24859753683164637,0.442,0.30940246316835357
0.24809753683164626,0.443,0.30890246316835374
0.248,0.4431950736632925,0.3088049263367075
0.24759753683164637,0.444,0.3084024631683537
0.24709753683164626,0.445,0.30790246316835373
0.247,0.44519507366329253,0.3078049263367075
0.24659753683164626,0.446,0.3074024631683538
0.24609753683164626,0.447,0.30690246316835373
0.246,0.4471950736632925,0.30680492633670753
0.24559753683164623,0.448,0.3064024631683538
0.24509753683164626,0.449,0.30590246316835373
0.245,0.44919507366329253,0.30580492633670747
0.24459753683164637,0.45,0.30540246316835357
0.24409753683164626,0.451,0.30490246316835373
0.244,0.45119507366329253,0.30480492633670747
0.24359753683164637,0.452,0.3044024631683537
0.24309753683164625,0.453,0.30390246316835373
0.243,0.45319507366329254,0.30380492633670747
0.24259753683164625,0.454,0.3034024631683538
0.24209753683164625,0.455,0.30290246316835373
0.242,0.4551950736632925,0.3028049263367075
0.24159753683164623,0.456,0.3024024631683538
0.24109753683164625,0.457,0.30190246316835373
0.241,0.45719507366329254,0.30180492633670747
0.24059753683164636,0.458,0.30140246316835356
0.24009753683164625,0.459,0.30090246316835373
0.24,0.45919507366329254,0.30080492633670747
0.23959753683164636,0.46,0.3004024631683537
0.23909753683164625,0.461,0.29990246316835373
0.239,0.46119507366329254,0.29980492633670747
0.23859753683164625,0.462,0.2994024631683538
0.23809753683164625,0.463,0.2989024631683537
0.238,0.4631950736632925,0.2988049263367075
0.23759753683164622,0.464,0.2984024631683538
0.23709753683164625,0.465,0.2979024631683537
0.237,0.46519507366329255,0.29780492633670747
0.23659753683164636,0.466,0.29740246316835356
0.23609753683164625,0.467,0.2969024631683537
0.236,0.46719507366329255,0.29680492633670746
0.23559753683164636,0.468,0.29640246316835367
0.23509753683164625,0.469,0.2959024631683538
0.235,0.4691950736632925,0.2958049263367075
0.23459753683164639,0.47,0.2954024631683536
0.23409753683164627,0.471,0.2949024631683538
0.234,0.4711950736632925,0.2948049263367075
0.23359753683164639,0.472,0.2944024631683536
0.23309753683164627,0.473,0.2939024631683538
0.233,0.4731950736632925,0.2938049263367075
0.23259753683164638,0.474,0.2934024631683536
0.23209753683164627,0.475,0.2929024631683538
0.232,0.4751950736632925,0.2928049263367075
0.23159753683164638,0.476,0.2924024631683536
0.23109753683164627,0.477,0.2919024631683538
0.231,0.4771950736632925,0.2918049263367075
0.23059753683164638,0.478,0.2914024631683536
0.23009753683164627,0.479,0.2909024631683538
0.23,0.4791950736632925,0.2908049263367075
0.22959753683164638,0.48,0.2904024631683536
0.22909753683164627,0.481,0.2899024631683538
0.229,0.4811950736632925,0.2898049263367075
0.22859753683164638,0.482,0.2894024631683536
0.22809753683164627,0.483,0.2889024631683538
0.228,0.4831950736632925,0.2888049263367075
0.22759753683164638,0.484,0.2884024631683536
0.22709753683164627,0.485,0.2879024631683538
0.227,0.4851950736632925,0.2878049263367075
0.22659753683164638,0.486,0.2874024631683536
0.22609753683164627,0.487,0.28690246316835377
0.226,0.4871950736632925,0.2868049263367075
0.22559753683164638,0.488,0.2864024631683536
0.22509753683164627,0.489,0.28590246316835377
0.225,0.4891950736632925,0.2858049263367075
0.22459753683164638,0.49,0.2854024631683536
0.22409753683164627,0.491,0.28490246316835377
0.224,0.4911950736632925,0.2848049263367075
0.22359753683164638,0.492,0.2844024631683536
0.22309753683164626,0.493,0.28390246316835377
0.223,0.4931950736632925,0.2838049263367075
0.22259753683164638,0.494,0.2834024631683536
0.22209753683164626,0.495,0.28290246316835377
0.222,0.4951950736632925,0.2828049263367075
0.22159753683164637,0.496,0.2824024631683536
0.22109753683164626,0.497,0.28190246316835377
0.221,0.4971950736632925,0.2818049263367075
0.22059753683164637,0.498,0.2814024631683536
0.22009753683164626,0.499,0.28090246316835377
0.22,0.4991950736632925,0.2808049263367075
0.21959753683164637,0.5,0.2804024631683536
0.21909753683164626,0.501,0.27990246316835377
0.219,0.5011950736632925,0.2798049263367075
0.21859753683164637,0.502,0.2794024631683536
0.21809753683164626,0.503,0.27890246316835376
0.218,0.5031950736632925,0.2788049263367075
0.21759753683164637,0.504,0.2784024631683536
0.21709753683164626,0.505,0.27790246316835376
0.217,0.5051950736632925,0.2778049263367075
0.21659753683164637,0.506,0.2774024631683536
0.21609753683164626,0.507,0.27690246316835376
0.216,0.5071950736632925,0.2768049263367075
0.21559753683164637,0.508,0.2764024631683536
0.21509753683164626,0.509,0.27590246316835376
0.215,0.5091950736632925,0.2758049263367075
0.21459753683164637,0.51,0.2754024631683536
0.21409753683164626,0.511,0.27490246316835376
0.214,0.5111950736632925,0.2748049263367075
0.21359753683164637,0.512,0.2744024631683536
0.21309753683164626,0.513,0.27390246316835376
0.213,0.5131950736632925,0.2738049263367075
0.21259753683164637,0.514,0.2734024631683536
0.21209753683164626,0.515,0.27290246316835376
0.212,0.5151950736632925,0.2728049263367075
0.21159753683164637,0.516,0.2724024631683536
0.21109753683164625,0.517,0.27190246316835376
0.211,0.5171950736632925,0.2718049263367075
0.21059753683164636,0.518,0.2714024631683536
0.21009753683164625,0.519,0.27090246316835376
0.21,0.5191950736632925,0.2708049263367075
0.20959753683164636,0.52,0.2704024631683536
0.20909753683164625,0.521,0.26990246316835376
0.209,0.5211950736632925,0.2698049263367075
0.20859753683164636,0.522,0.2694024631683536
0.20809753683164625,0.523,0.26890246316835376
0.208,0.5231950736632925,0.2688049263367075
0.20759753683164636,0.524,0.2684024631683536
0.20709753683164625,0.525,0.26790246316835375
0.207,0.5251950736632925,0.2678049263367075
0.20659753683164636,0.526,0.2674024631683536
0.20609753683164625,0.527,0.26690246316835375
0.206,0.5271950736632925,0.2668049263367075
0.20559753683164636,0.528,0.2664024631683536
0.20509753683164625,0.529,0.26590246316835375
0.205,0.5291950736632925,0.2658049263367075
0.20459753683164636,0.53,0.2654024631683536
0.20409753683164625,0.531,0.26490246316835375
0.204,0.5311950736632925,0.2648049263367075
0.20359753683164628,0.532,0.2644024631683537
0.20309753683164627,0.533,0.26390246316835364
0.203,0.5331950736632924,0.2638049263367075
0.20259753683164625,0.534,0.2634024631683537
0.20209753683164627,0.535,0.26290246316835375
0.202,0.5351950736632926,0.2628049263367075
0.20159753683164627,0.536,0.2624024631683537
0.20109753683164627,0.537,0.26190246316835364
0.201,0.5371950736632924,0.2618049263367075
0.20059753683164624,0.538,0.2614024631683537
0.20009753683164627,0.539,0.26090246316835375
0.2,0.5391950736632926,0.2608049263367075
0.19959753683164627,0.54,0.2604024631683537
0.19909753683164627,0.541,0.25990246316835364
0.199,0.5411950736632924,0.2598049263367075
0.19859753683164624,0.542,0.2594024631683537
0.19809753683164627,0.543,0.25890246316835375
0.198,0.5431950736632926,0.2588049263367075
0.19759753683164627,0.544,0.2584024631683537
0.19709753683164627,0.545,0.25790246316835364
0.197,0.5451950736632925,0.2578049263367075
0.19659753683164624,0.546,0.2574024631683537
0.19609753683164627,0.547,0.25690246316835375
0.196,0.5471950736632926,0.2568049263367075
0.19559753683164627,0.548,0.2564024631683537
0.19509753683164627,0.549,0.25590246316835363
0.195,0.5491950736632925,0.2558049263367075
0.19459753683164624,0.55,0.2554024631683537
0.19409753683164627,0.551,0.25490246316835374
0.194,0.5511950736632926,0.2548049263367075
0.19359753683164627,0.552,0.2544024631683537
0.19309753683164627,0.553,0.25390246316835363
0.193,0.5531950736632925,0.2538049263367075
0.19259753683164624,0.554,0.2534024631683537
0.19209753683164627,0.555,0.25290246316835374
0.192,0.5551950736632926,0.2528049263367075
0.19159753683164626,0.556,0.2524024631683537
0.19109753683164626,0.557,0.25190246316835363
0.191,0.5571950736632925,0.2518049263367075
0.19059753683164624,0.558,0.2514024631683537
0.19009753683164626,0.559,0.25090246316835374
0.19,0.5591950736632926,0.2508049263367075
0.18959753683164626,0.56,0.2504024631683537
0.18909753683164626,0.561,0.24990246316835363
0.189,0.5611950736632925,0.24980492633670748
0.18859753683164623,0.562,0.24940246316835368
0.18809753683164626,0.563,0.24890246316835385
0.188,0.5631950736632925,0.2488049263367076
0.18759753683164626,0.564,0.2484024631683538
0.18709753683164626,0.565,0.24790246316835374
0.187,0.5651950736632925,0.24780492633670748
0.18659753683164637,0.566,0.24740246316835368
0.18609753683164626,0.567,0.24690246316835385
0.186,0.5671950736632925,0.2468049263367076
0.18559753683164626,0.568,0.2464024631683538
0.18509753683164626,0.569,0.24590246316835374
0.185,0.5691950736632925,0.24580492633670747
0.18459753683164637,0.57,0.24540246316835368
0.18409753683164626,0.571,0.24490246316835385
0.184,0.5711950736632925,0.24480492633670758
0.18359753683164626,0.572,0.2444024631683538
0.18309753683164626,0.573,0.24390246316835373
0.183,0.5731950736632925,0.24380492633670747
0.18259753683164637,0.574,0.24340246316835368
0.18209753683164626,0.575,0.24290246316835384
0.182,0.5751950736632925,0.24280492633670758
0.18159753683164626,0.576,0.2424024631683538
0.18109753683164626,0.577,0.24190246316835373
0.181,0.5771950736632925,0.24180492633670747
0.18059753683164637,0.578,0.24140246316835368
0.18009753683164625,0.579,0.24090246316835384
0.18,0.5791950736632925,0.24080492633670758
0.17959753683164625,0.58,0.24040246316835379
0.17909753683164625,0.581,0.23990246316835373
0.179,0.5811950736632925,0.23980492633670747
0.17859753683164636,0.582,0.23940246316835367
0.17809753683164625,0.583,0.23890246316835384
0.178,0.5831950736632925,0.23880492633670758
0.17759753683164625,0.584,0.23840246316835378
0.17709753683164625,0.585,0.23790246316835373
0.177,0.5851950736632925,0.23780492633670747
0.17659753683164636,0.586,0.23740246316835367
0.17609753683164625,0.587,0.23690246316835384
0.176,0.5871950736632925,0.23680492633670758
0.17559753683164625,0.588,0.23640246316835378
0.17509753683164625,0.589,0.23590246316835373
0.175,0.5891950736632925,0.23580492633670747
0.17459753683164636,0.59,0.23540246316835367
0.17409753683164625,0.591,0.23490246316835384
0.174,0.5911950736632925,0.23480492633670758
0.17359753683164625,0.592,0.23440246316835378
0.17309753683164625,0.593,0.23390246316835372
