p1,p2,p3
0.26991008789930465,0.339,0.3910899121006954
0.269,0.3399628995570334,0.3910371004429666
0.2689648113433504,0.34,0.3910351886566496
0.2680133462695928,0.341,0.39098665373040714
0.268,0.3410139819368913,0.3909860180631087
0.2670554872843367,0.342,0.3909445127156633
0.267,0.34205775134783434,0.39094224865216565
0.26609145966869907,0.343,0.3909085403313009
0.266,0.34309457014267614,0.39090542985732385
0.2651211900136967,0.344,0.3908788099863033
0.265,0.3441244919088822,0.39087550809111776
0.2641446024214573,0.345,0.3908553975785427
0.264,0.34514756840364746,0.3908524315963525
0.26316161841759894,0.346,0.39083838158240114
0.263,0.34616384959712626,0.3908361504028737
0.26217215685958933,0.347,0.39082784314041064
0.262,0.34717338371400386,0.39082661628599613
0.26117613384087435,0.348,0.3908238661591257
0.261,0.3481762172734733,0.3908237827265267
0.2601734625905474,0.349,0.3908265374094526
0.26,0.34917239512767506,0.39082760487232493
0.25916405336832143,0.35,0.39083594663167853
0.259,0.35016196049865744,0.39083803950134255
0.2581478133545489,0.351,0.39085218664545107
0.258,0.3511449550139123,0.3908550449860877
0.25712464653501743,0.352,0.3908753534649826
0.257,0.3521214187405356,0.3908785812594644
0.256094453580235,0.353,0.39090554641976505
0.256,0.35309139021806396,0.39090860978193603
0.2550571317188966,0.354,0.3909428682811035
0.255,0.35405490649003263,0.39094509350996737
0.2540125746052075,0.355,0.3909874253947925
0.254,0.35501200313430026,0.39098799686569974
0.253,0.35596242700699454,0.39103757299300546
0.25296029779072965,0.356,0.3910397022092703
0.252,0.35690636000906306,0.39109363999093694
0.2519003636905665,0.357,0.39109963630943345
0.251,0.35784392725592024,0.39115607274407976
0.2508327701120939,0.358,0.3911672298879062
0.25,0.3587751595606005,0.3912248404393995
0.24975739175279565,0.359,0.39124260824720436
0.249,0.35970008637663275,0.39129991362336725
0.24867409881127212,0.36,0.3913259011887279
0.248,0.3606187358227194,0.3913812641772806
0.24758275680089967,0.361,0.3914172431991003
0.247,0.36153113470640535,0.39146886529359465
0.24648322635382447,0.362,0.39151677364617554
0.246,0.3624373085467669,0.3915626914532331
0.24537536301470025,0.363,0.3916246369852998
0.245,0.3633372815961524,0.3916627184038476
0.24425901702354463,0.364,0.39174098297645543
0.244,0.36423107686100353,0.39176892313899647
0.24313403308703896,0.365,0.39186596691296105
0.243,0.3651187161217848,0.3918812838782152
0.24200025013755344,0.366,0.39199974986244657
0.242,0.36600021995204834,0.39199978004795166
0.241,0.36687469396182276,0.39212530603817725
0.24085599891417958,0.367,0.39214400108582037
0.24,0.3677430317634135,0.3922569682365865
0.23970248146697073,0.368,0.3922975185330293
0.239,0.3686052525974841,0.3923947474025159
0.23853951504616583,0.369,0.39246048495383423
0.238,0.36946137292269504,0.39253862707730497
0.23736690712498706,0.37,0.3926330928750129
0.237,0.3703114080541673,0.3926885919458327
0.23618445768078228,0.371,0.39281554231921767
0.236,0.3711553721784344,0.3928446278215656
0.235,0.37199322995826983,0.3930067700417302
0.2349918690085122,0.372,0.3930081309914878
0.234,0.3728238844670086,0.3931761155329914
0.23378681677108007,0.373,0.39321318322891996
0.233,0.37364847073391316,0.39335152926608685
0.23257111032414163,0.374,0.3934288896758583
0.232,0.37446699899928937,0.39353300100071065
0.23134450825770805,0.375,0.393655491742292
0.231,0.3752794784220065,0.39372052157799353
0.2301067592558842,0.376,0.3938932407441158
0.23,0.37608591709077455,0.39391408290922547
0.229,0.37688551889073535,0.39411448110926467
0.2288559079756599,0.377,0.3941440920243401
0.228,0.37767845243074893,0.3943215475692511
0.22759191689584413,0.378,0.39440808310415587
0.227,0.37846533248888,0.39453466751112004
0.22631574874144442,0.379,0.39468425125855555
0.226,0.3792461633142809,0.3947538366857191
0.22502709670633278,0.38,0.3949729032936672
0.225,0.380020948118168,0.394979051881832
0.224,0.3807882249054564,0.39521177509454364
0.2237221873661443,0.381,0.39527781263385564
0.223,0.3815492833555694,0.3954507166444306
0.22240355096705364,0.382,0.39559644903294633
0.222,0.3823042703177273,0.39569572968227273
0.2210711626007609,0.383,0.3959288373992391
0.221,0.38305318519829196,0.39594681480170807
0.22,0.38379462117386265,0.3962053788261374
0.21972100378862958,0.384,0.3962789962113704
0.219,0.3845295850194681,0.3964704149805319
0.2183550865085058,0.385,0.3966449134914942
0.218,0.3852584411769118,0.3967415588230882
0.217,0.3859810564605821,0.3970189435394179
0.21697355058790235,0.386,0.39702644941209764
0.216,0.3866957513885722,0.3973042486114278
0.21557113200676736,0.387,0.3974288679932326
0.215,0.3874042954747296,0.39759570452527043
0.2141521621467453,0.388,0.3978478378532547
0.214,0.3881066814754795,0.39789331852452053
0.213,0.3888015658683283,0.3981984341316717
0.2127120011573572,0.389,0.39828799884264277
0.212,0.38948952303530515,0.3985104769646949
0.2112516218896913,0.39,0.3987483781103087
0.211,0.39017126832832416,0.3988287316716759
0.21,0.39084575926086806,0.39915424073913197
0.20976915779848734,0.391,0.3992308422015126
0.209,0.3915128322940481,0.39948716770595194
0.20826316936094508,0.392,0.39973683063905485
0.208,0.39217363162245017,0.39982636837754987
0.207,0.39282699357112877,0.40017300642887127
0.2067325465497808,0.393,0.4002674534502192
0.206,0.39347286194117376,0.4005271380588263
0.20517603757989605,0.394,0.4008239624201039
0.205,0.394112386462503,0.400887613537497
0.204,0.39474385859480166,0.4012561414051984
0.20359023124395,0.395,0.40140976875604995
0.202,0.39598598130471474,0.4020140186952853
0.2003279244500568,0.397,0.4026720755499432
0.2,0.3971972671547169,0.4028027328452831
0.198,0.3983784564816243,0.40362154351837576
0.1969270090343932,0.399,0.4040729909656068
0.196,0.39952894817782486,0.4044710518221752
0.194,0.40064802864616933,0.4053519713538307
0.19335784275703982,0.401,0.40564215724296016
0.192,0.4017349633118395,0.40626503668816055
0.19,0.40278899575349747,0.4072110042465026
0.18959018512361836,0.403,0.4074098148763816
0.188,0.403809346788926,0.40819065321107406
0.186,0.4047952135122586,0.40920478648774145
0.18557355508012122,0.405,0.4094264449198788
0.184,0.40574576827967657,0.4102542317203235
0.182,0.4066601576402153,0.41133984235978477
0.18123465135602948,0.407,0.4117653486439706
0.181,0.40710398494527145,0.4118960150547285
0.18,0.4075375012080627,0.41246249879193736
0.179,0.4079626793048361,0.41303732069516386
0.17891006390889908,0.408,0.41308993609110095
0.178,0.40837689047244913,0.41362310952755094
0.177,0.4087821634085134,0.41421783659148653
0.17644932347459724,0.409,0.41455067652540284
0.176,0.4091773875409229,0.41482261245907714
0.175,0.409562151946732,0.41543784805326794
0.174,0.4099376270498799,0.41606237295012016
0.17382894526683584,0.41,0.41617105473316424
0.173,0.41030165820749953,0.4166983417925004
0.172,0.41065561323184896,0.4173443867681511
0.171,0.41099966039324975,0.4180003396067502
0.17099897848004916,0.411,0.41800102151995083
0.17,0.41133144545646544,0.4186685545435345
0.169,0.4116529113915285,0.4193470886084715
0.168,0.41196381981327596,0.420036180186724
0.1678789792131852,0.412,0.42012102078681485
0.167,0.41226224927767646,0.4207377507223235
0.166,0.41254946227255684,0.4214505377274431
0.165,0.4128254349356218,0.42217456506437817
0.16433897946224313,0.413,0.42266102053775684
0.164,0.4130893385768444,0.4229106614231556
0.163,0.41334044479431065,0.4236595552056893
0.162,0.41357959243260967,0.4244204075673903
0.161,0.41380650899490046,0.4251934910050995
0.1600971740666887,0.414,0.42590282593331136
0.16,0.41402078380211405,0.4259792161978859
0.159,0.41422111832815833,0.42677888167184164
0.158,0.41440845063657406,0.4275915493634259
0.157,0.4145824872982367,0.42841751270176326
0.156,0.4147429288017744,0.4292570711982256
0.155,0.4148894693968442,0.4301105306031558
0.15416412689986558,0.415,0.43083587310013444
0.154,0.4150216584185472,0.43097834158145276
0.153,0.4151387045723494,0.43186129542765056
0.152,0.41524098634896034,0.43275901365103964
0.151,0.4153281738055933,0.4336718261944067
0.15,0.4153999299611375,0.4346000700388625
0.149,0.41545591060854636,0.4355440893914536
0.148,0.4154957641210767,0.4365042358789233
0.147,0.4155191312521357,0.4374808687478643
0.146,0.41552564492848015,0.43847435507151983
0.145,0.4155149300365011,0.4394850699634989
0.144,0.415486603201312,0.440513396798688
0.143,0.41544027255834953,0.44155972744165045
0.142,0.41537553751717743,0.44262446248282256
0.141,0.41529198851717214,0.44370801148282785
0.14,0.4151892067747507,0.4448107932252493
0.139,0.4150667640217873,0.44593323597821266
0.1385305501235981,0.415,0.44646944987640197
0.138,0.4149237277343367,0.44707627226566327
0.137,0.41475957248624573,0.44824042751375426
0.136,0.4145742714080982,0.4494257285919018
0.135,0.4143673518107542,0.4506326481892458
0.134,0.4141383299677593,0.4518616700322407
0.1334491783654137,0.414,0.4525508216345863
0.133,0.41388596241661946,0.45311403758338054
0.132,0.41360942067126766,0.45439057932873234
0.131,0.41330909422723144,0.45569090577276855
0.1300477099668369,0.413,0.4569522900331631
0.13,0.41298434380422416,0.45701565619577583
0.129,0.41263249323194506,0.45836750676805493
0.128,0.4122550351205952,0.4597449648794048
0.12736716898903314,0.412,0.4606328310109669
0.127,0.4118503878256671,0.4611496121743329
0.126,0.41141705323043354,0.46258294676956646
0.12509480098601156,0.411,0.46390519901398847
0.125,0.41095583489806575,0.46404416510193425
0.124,0.41046336846488213,0.4655366315351179
0.1231110998934155,0.41,0.4668889001065845
0.123,0.40994143507826103,0.467058564921739
0.122,0.40938637661405947,0.46861362338594054
0.12133934198205139,0.409,0.4696606580179486
0.121,0.408799296575774,0.470200703424226
0.12,0.40817796519810373,0.4718220348018963
0.11972687001979988,0.408,0.47227312998020016
0.119,0.40752099566765115,0.47347900433234885
0.1182457863922102,0.407,0.47475421360778985
0.118,0.40682827081801826,0.47517172918198175
0.117,0.4060975334694627,0.4769024665305373
0.11687216584580626,0.406,0.4771278341541937
0.116,0.4053268860273806,0.4786731139726194
0.11559417705933901,0.405,0.4794058229406609
0.115,0.4045158389507092,0.4804841610492908
0.11439264301670647,0.404,0.4816073569832935
0.114,0.4036626237491803,0.4823373762508197
0.11325922879666177,0.403,0.48374077120333825
0.113,0.4027653903332677,0.4842346096667323
0.11218671239611884,0.402,0.4858132876038811
0.112,0.40182220240651223,0.4861777975934878
0.11116880270611769,0.401,0.48783119729388225
0.111,0.4008310325534492,0.4881689674465508
0.11019999204166853,0.4,0.48980000795833145
0.11,0.39978975699985964,0.4902102430001404
0.10927543580572353,0.399,0.49172456419427646
0.109,0.39869615002003495,0.49230384997996507
0.10839085363410621,0.398,0.4936091463658938
0.108,0.3975478779635159,0.4944521220364841
0.10754244767528505,0.397,0.4954575523247149
0.107,0.39634249287132123,0.4966575071286788
0.10672683463551748,0.396,0.4972731653644825
0.106,0.3950774256489718,0.4989225743510282
0.1059409889563567,0.395,0.49905901104364325
0.1051875624608107,0.394,0.5008124375391892
0.105,0.39374799864191823,0.5012520013580818
0.10446099138501329,0.393,0.5025390086149867
0.104,0.3923521769378062,0.5036478230621938
0.10375722354187913,0.392,0.5042427764581209
0.1030763028778255,0.391,0.5059236971221744
0.103,0.3908866307050167,0.5061133692949833
0.10242151611518294,0.39,0.5075784838848171
0.102,0.38934558658188034,0.5086544134181197
0.10178410364333176,0.389,0.5092158963566682
0.1011669468723604,0.388,0.5108330531276396
0.101,0.3877262108839293,0.5112737891160708
0.10057025803732722,0.387,0.5124297419626728
0.1,0.38602354730867783,0.5139764526913222
0.09998664823420846,0.386,0.5140133517657915
0.0994259803020624,0.385,0.5155740196979376
0.099,0.3842300271183946,0.5167699728816054
0.09887637830287511,0.384,0.5171236216971249
0.09834528999228852,0.383,0.5186547100077115
0.098,0.38234131601811344,0.5196586839818866
0.09782611027983945,0.382,0.5201738897201605
0.09732281092985821,0.381,0.5216771890701418
0.097,0.3803502040974937,0.5226497959025063
0.09683084020504995,0.38,0.52316915979495
0.0963536937982645,0.379,0.5246463062017355
0.096,0.37824881509244307,0.5257511849075569
0.09588604252036255,0.378,0.5261139574796374
0.09543355028509891,0.377,0.5275664497149011
0.095,0.3760285271218894,0.5289714728781106
0.09498761144700052,0.376,0.5290123885529995
0.0945583968083101,0.375,0.5304416031916899
0.0941351149864079,0.374,0.5318648850135921
0.094,0.37367675946157497,0.5323232405384251
0.09372460623474153,0.373,0.5332753937652585
0.0933230518102161,0.372,0.5346769481897838
0.093,0.3711844116080137,0.5358155883919864
0.09292886629434462,0.371,0.5360711337056554
0.09254789098782089,0.37,0.5374521090121791
0.09217226647055388,0.369,0.5388277335294461
0.092,0.36853529567390747,0.5394647043260925
0.09180668483026763,0.368,0.5401933151697323
0.0914503384081462,0.367,0.5415496615918538
0.0910990706693884,0.366,0.5429009293306116
0.091,0.3657142366978096,0.5432857633021904
0.09075868822820209,0.365,0.5442413117717979
0.09042551214384552,0.364,0.5455744878561545
0.09009716670984391,0.363,0.5469028332901561
0.09,0.3627000586161049,0.5472999413838951
0.08977891920264794,0.362,0.5482210807973521
0.0894675803155586,0.361,0.5495324196844414
0.08916084544620713,0.36,0.5508391545537928
0.089,0.35946810517224254,0.5515318948277574
0.08886196514322764,0.359,0.5521380348567724
0.08857124162178832,0.358,0.5534287583782117
0.08828491456939325,0.357,0.5547150854306068
0.08800296090679287,0.356,0.5559970390932072
0.088,0.35598935135160265,0.5560106486483973
0.08773166193290147,0.355,0.5572683380670985
0.08746463703622274,0.354,0.5585353629637773
0.08720179770008735,0.353,0.5597982022999126
0.087,0.35222014610602936,0.5607798538939707
0.08694441967090377,0.352,0.5610555803290963
0.0866956780010135,0.351,0.5623043219989865
0.08645094910514407,0.35,0.563549050894856
0.08621021532044106,0.349,0.564789784679559
0.086,0.3481122509770656,0.5658877490229344
0.08597405890443181,0.348,0.5660259410955683
0.08574651275007653,0.347,0.5672534872499235
0.08552280457333356,0.346,0.5684771954266664
0.0853029191749172,0.345,0.5696970808250829
0.08508684169679767,0.344,0.5709131583032023
0.085,0.3435912627481805,0.5714087372518195
0.0848773651527704,0.343,0.5721226348472295
0.08467351489026595,0.342,0.5733264851097339
0.08447333117399719,0.341,0.5745266688260029
0.08427680131966844,0.34,0.5757231986803315
0.08408391295108573,0.339,0.5769160870489143
0.084,0.33855695874897734,0.5774430412510227
0.08389699216815256,0.338,0.5781030078318474
0.08371546137158252,0.337,0.5792845386284176
0.08353744451858137,0.336,0.5804625554814187
0.08336293116192613,0.335,0.5816370688380739
0.08319191113491238,0.334,0.5828080888650875
0.08302437454907037,0.333,0.5839756254509296
0.083,0.3328515941716757,0.5841484058283244
0.08286338473138771,0.332,0.5851366152686122
0.08270630987680866,0.331,0.5862936901231914
0.08255260455789176,0.33,0.5874473954421082
0.08240226058714359,0.329,0.5885977394128563
0.08225527003289705,0.328,0.589744729967103
0.08211162521759985,0.327,0.5908883747824001
0.082,0.3262046171218718,0.5917953828781282
0.08197194470005242,0.326,0.5920280552999475
0.08183795395932902,0.325,0.593162046040671
0.08170720696698015,0.324,0.5942927930330197
0.08157969755688316,0.323,0.5954203024431168
0.08145541979891197,0.322,0.596544580201088
0.08133436799771188,0.321,0.5976656320022882
0.08121653669152638,0.32,0.5987834633084737
0.08110192065107598,0.319,0.5998980793489239
0.081,0.31808522963108965,0.6009147703689104
0.08099071993228481,0.318,0.6010092800677151
0.08088485551876078,0.317,0.6021151444812392
0.08078211707628713,0.316,0.6032178829237129
0.08068250070282186,0.315,0.604317499297178
0.08058600271500783,0.314,0.6054139972849921
0.08049261964746028,0.313,0.6065073803525398
0.0804023482521024,0.312,0.6075976517478976
0.08031518549754693,0.311,0.608684814502453
0.08023112856852434,0.31,0.6097688714314757
0.08015017486535744,0.309,0.6108498251346426
0.08007232200348158,0.308,0.6119276779965184
0.08,0.3070325693360605,0.6129674306639395
0.0799976197686256,0.307,0.6130023802313744
0.0799274911319587,0.306,0.6140725088680412
0.0798603878842029,0.305,0.615139612115797
0.07979630879367039,0.304,0.6162036912063296
0.07973525283449485,0.303,0.6172647471655051
0.07967721918649781,0.302,0.6183227808135021
0.0796222072350993,0.301,0.6193777927649007
0.07957021657127124,0.3,0.6204297834287287
0.07952124699153511,0.299,0.6214787530084649
0.07947529849800264,0.298,0.6225247015019975
0.07943237129846022,0.297,0.6235676287015397
0.0793924658064972,0.296,0.6246075341935029
0.07935558264167798,0.295,0.625644417358322
0.07932172262975806,0.294,0.626678277370242
0.07929088680294423,0.293,0.6277091131970558
0.07926307640019936,0.292,0.6287369235998006
0.07923829286759092,0.291,0.6297617071324091
0.07921653785868542,0.29,0.6307834621413146
0.07919781323498659,0.289,0.6318021867650134
0.07918212106641977,0.288,0.6328178789335803
0.07916946363186088,0.287,0.6338305363681391
0.07915984341971226,0.286,0.6348401565802877
0.07915326312852325,0.285,0.6358467368714769
0.0791497256676585,0.284,0.6368502743323414
0.07914923415801207,0.283,0.6378507658419879
0.0791517919327695,0.282,0.6388482080672304
0.07915740253821654,0.281,0.6398425974617834
0.07916606973459668,0.28,0.6408339302654033
0.0791777974970167,0.279,0.6418222025029833
0.07919259001640112,0.278,0.6428074099835989
0.07921045170049616,0.277,0.6437895482995039
0.07923138717492337,0.276,0.6447686128250766
0.07925540128428403,0.275,0.645744598715716
0.07928249909331417,0.274,0.6467175009066858
0.0793126858880916,0.273,0.6476873141119084
0.07934596717729449,0.272,0.6486540328227055
0.07938234869351364,0.271,0.6496176513064863
0.07942183639461756,0.27,0.6505781636053825
0.07946443646517198,0.269,0.651535563534828
0.07951015531791435,0.268,0.6524898446820856
0.07955899959528398,0.267,0.653441000404716
0.07961097617100857,0.266,0.6543890238289914
0.07966609215174796,0.265,0.6553339078482521
0.07972435487879627,0.264,0.6562756451212037
0.07978577192984254,0.263,0.6572142280701575
0.07985035112079168,0.262,0.6581496488792083
0.07991810050764594,0.261,0.6590818994923541
0.07998902838844843,0.26,0.6600109716115515
0.08,0.2598520725405426,0.6601479274594575
0.08006445038758984,0.259,0.6609355496124102
0.08014335858031779,0.258,0.6618566414196823
0.08022553467269233,0.257,0.6627744653273077
0.08031098797016982,0.256,0.6636890120298302
0.08039972803708882,0.255,0.6646002719629112
0.0804917646990177,0.254,0.6655082353009822
0.08058710804517341,0.253,0.6664128919548266
0.0806857684309131,0.252,0.6673142315690869
0.0807877564802992,0.251,0.6682122435197008
0.08089308308874035,0.25,0.6691069169112597
0.081,0.24901620299657753,0.6699837970034225
0.08100179536589028,0.249,0.6699982046341098
0.08111611920970156,0.248,0.6708838807902985
0.0812338802445129,0.247,0.6717661197554871
0.08135509055523034,0.246,0.6726449094447696
0.08147976251899212,0.245,0.6735202374810079
0.08160790880831965,0.244,0.6743920911916803
0.08173954239435684,0.243,0.6752604576056431
0.08187467655019923,0.242,0.6761253234498008
0.082,0.24109617798774008,0.67690382201226
0.08201359402474588,0.241,0.6769864059752542
0.08215863935334641,0.24,0.6778413606466536
0.08230729276167179,0.239,0.6786927072383282
0.08245956889113688,0.238,0.6795404311088631
0.08261548271009454,0.237,0.6803845172899055
0.08277504951778823,0.236,0.6812249504822118
0.08293828494841116,0.235,0.6820617150515889
0.083,0.23463046561212736,0.6823695343878726
0.08310730891927502,0.234,0.682892691080725
0.08328133666690689,0.233,0.6837186633330932
0.08345914960582404,0.232,0.684540850394176
0.08364076492480593,0.231,0.6853592350751941
0.08382620017697222,0.23,0.6861737998230278
0.084,0.22908181382768159,0.6869181861723185
0.08401578026375162,0.229,0.6869842197362485
0.08421273703608206,0.228,0.6877872629639179
0.08441363792255453,0.227,0.6885863620774455
0.08461850219047809,0.226,0.689381497809522
0.0848273495047163,0.225,0.6901726504952838
0.085,0.22418899319501875,0.6908110068049813
0.08504099121049978,0.224,0.6909590087895002
0.08526212912491443,0.223,0.6917378708750855
0.08548738265914595,0.222,0.6925126173408541
0.08571677337121805,0.221,0.693283226628782
0.08595032325432814,0.22,0.6940496767456719
0.086,0.21979117751384677,0.6942088224861532
0.08619172766614698,0.219,0.694808272333853
0.08643838067319679,0.218,0.6955616193268033
0.08668933469076161,0.217,0.6963106653092385
0.08694461380642214,0.216,0.6970553861935779
0.087,0.215786813840766,0.697213186159234
0.08720820513090558,0.215,0.6977917948690945
0.08747732160424938,0.214,0.6985226783957507
0.08775091345861089,0.213,0.6992490865413892
0.088,0.21210438693703346,0.6998956130629665
0.08802956671277931,0.212,0.6999704332872208
0.08831763572817514,0.211,0.7006823642718248
0.08861033765311757,0.21,0.7013896623468825
0.08890770078941117,0.209,0.7020922992105889
0.089,0.208694610451609,0.7023053895483911
0.08921377490316323,0.208,0.7027862250968369
0.0895264183287471,0.207,0.703473581671253
0.08984389030515749,0.206,0.7041561096948425
0.09,0.20551590378621515,0.7044840962137848
0.09016939132011213,0.205,0.7048306086798879
0.09050284379507131,0.204,0.7054971562049287
0.09084130058061035,0.203,0.7061586994193896
0.091,0.2025382044975796,0.7064617955024204
0.09118830033591406,0.202,0.7068116996640859
0.09154346770337428,0.201,0.7074565322966258
0.09190382414863962,0.2,0.7080961758513604
0.092,0.19973709612747356,0.7082629038725264
0.09227448991217937,0.199,0.7087255100878207
0.09265231865498672,0.198,0.7093476813450132
0.093,0.19709279460708046,0.7099072053929196
0.09303619886360093,0.197,0.7099638011363991
0.09343213073248552,0.196,0.7105678692675146
0.09383361050409719,0.195,0.7111663894959028
0.094,0.1945914695238243,0.7114085304761757
0.09424518145294788,0.194,0.7117548185470521
0.09466558705950039,0.193,0.7123344129404996
0.095,0.1922154559762249,0.7127845440237751
0.09509346384678628,0.192,0.7129065361532136
0.09553347630108253,0.191,0.7134665236989175
0.09597942839988982,0.19,0.7140205716001102
0.096,0.18995452191294068,0.7140454780870593
0.09643937026297093,0.189,0.714560629737029
0.09690581950726922,0.188,0.7150941804927309
0.097,0.18780087911114063,0.7151991208888594
0.09738544083645892,0.187,0.715614559163541
0.09787312370482353,0.186,0.7161268762951765
0.098,0.1857433754746005,0.7162566245253995
0.09837394352676786,0.185,0.7166260564732321
0.09888362268358598,0.184,0.717116377316414
0.099,0.18377474200954216,0.7172252579904579
0.09940722140706698,0.183,0.717592778592933
0.09993968687796065,0.182,0.7180603131220393
0.1,0.18188825119546578,0.7181117488045342
0.10048770928264883,0.181,0.7185122907173511
0.101,0.1800788033717862,0.7189211966282139
0.1010445804778721,0.18,0.7189554195221279
0.10161793807910942,0.179,0.7193820619208906
0.102,0.17834209607621965,0.7196579039237804
0.10220208224162139,0.178,0.7197979177583786
0.10280053946941929,0.177,0.7201994605305808
0.103,0.1766710073902223,0.7203289926097778
0.10341379085048925,0.176,0.7205862091495108
0.104,0.17506131449424217,0.7209386855057578
0.10403894584132756,0.175,0.7209610541586724
0.10468252057310211,0.174,0.721317479426898
0.105,0.1735128850024327,0.7214871149975673
0.10533997381159,0.173,0.7216600261884101
0.106,0.17201670404523195,0.7219832959547681
0.10601140314791102,0.172,0.7219885968520889
0.10670300248449886,0.171,0.7222969975155011
0.107,0.17057591055797167,0.7224240894420284
0.10741016100838652,0.17,0.7225898389916134
0.108,0.16918209015995295,0.7228179098400471
0.10813353814651422,0.169,0.7228664618534857
0.10887625932094717,0.168,0.7231237406790528
0.109,0.16783549279042975,0.7231645072095703
0.10963905860080443,0.167,0.7233609413991955
0.11,0.1665339546664696,0.7234660453335304
0.11042050597065697,0.166,0.723579494029343
0.111,0.16527327010337287,0.7237267298966271
0.11122157317058635,0.165,0.7237784268294136
0.112,0.1640518292293489,0.7239481707706511
0.11204326592482938,0.164,0.7239567340751706
0.11288863219685842,0.163,0.7241113678031416
0.113,0.1628698955607716,0.7241301044392284
0.11375710791383509,0.162,0.7242428920861649
0.114,0.16172436936349013,0.7242756306365099
0.114649025674174,0.161,0.724350974325826
0.115,0.16061311797938946,0.7243868820206105
0.11556552339629343,0.16,0.7244344766037065
0.116,0.159534773266022,0.724465226733978
0.11650778041031318,0.159,0.7244922195896868
0.117,0.15848801550553188,0.7245119844944681
0.1174770193794427,0.158,0.7245229806205573
0.118,0.15747157139287618,0.7245284286071239
0.11847450831856142,0.157,0.7245254916814385
0.119,0.1564842121180129,0.7245157878819871
0.11950156271588422,0.156,0.7244984372841158
0.12,0.15552475153703105,0.724475248462969
0.12055954776399941,0.155,0.7244404522360006
0.121,0.15459204442749996,0.7244079555725
0.12164988070699118,0.154,0.7243501192930087
0.122,0.15368498482359372,0.7243150151764063
0.1227740333108171,0.153,0.7242259666891828
0.123,0.15280250442680865,0.7241974955731914
0.1239335344646035,0.152,0.7240664655353964
0.124,0.1519435710883359,0.7240564289116641
0.125,0.15110866587213856,0.7238913341278614
0.12513234424823427,0.151,0.7238676557517657
0.126,0.15029642073232233,0.7237035792676777
0.1263716728688072,0.15,0.7236283271311927
0.127,0.14950511227494895,0.7234948877250511
0.1276520648815568,0.149,0.7233479351184432
0.128,0.14873382714119468,0.7232661728588053
0.12897534648277728,0.148,0.7230246535172227
0.129,0.14798168204728027,0.7230183179527198
0.13,0.14725124245271937,0.7227487575472806
0.13034976854837513,0.147,0.7226502314516249
0.131,0.1465387552219509,0.7224612447780491
0.13177232025314603,0.146,0.722227679746854
0.132,0.1458431575213962,0.7221568424786038
0.133,0.1451659270557586,0.7218340729442414
0.1332492308287629,0.145,0.721750769171237
0.134,0.14450642354702808,0.721493576452972
0.13478340230807678,0.144,0.7212165976919233
0.135,0.14386173615870773,0.7211382638412922
0.136,0.14323434431539755,0.7207656556846025
0.13638000203548767,0.143,0.7206199979645123
0.137,0.1426224529086701,0.7203775470913298
0.138,0.14202379063667128,0.7199762093633287
0.1380404521615189,0.142,0.7199595478384812
0.139,0.14144277627656296,0.719557223723437
0.13977562700437113,0.141,0.7192243729956289
0.14,0.14087352851546314,0.7191264714845369
0.141,0.14031980092290608,0.7186801990770939
0.1415877344217464,0.14,0.7184122655782536
0.142,0.1397785111885614,0.7182214888114385
0.143,0.13925074822573494,0.7177492517742651
0.14348367030318077,0.139,0.7175163296968192
0.144,0.13873571236651128,0.7172642876334887
0.145,0.1382329594122058,0.7167670405877942
0.14547183936200975,0.138,0.7165281606379902
0.146,0.137742546850559,0.716257453149441
0.147,0.13726388914398635,0.7157361108560136
0.1475614947938052,0.137,0.7154385052061948
0.148,0.13679653906164876,0.7152034609383512
0.149,0.13634109952054677,0.7146589004794532
0.14976285192601316,0.136,0.7142371480739869
0.15,0.1358953172809641,0.7141046827190358
0.151,0.13546225446774643,0.7135377455322536
0.152,0.13503712238750995,0.71296287761249
0.15208904816782512,0.135,0.7129109518321749
0.153,0.1346251144820602,0.7123748855179398
0.154,0.13422130347549424,0.7117786965245058
0.1545588191224408,0.134,0.7114411808775593
0.155,0.1338275317034246,0.7111724682965754
0.156,0.1334442768205986,0.7105557231794014
0.157,0.1330683977296083,0.7099316022703916
0.15718573195574448,0.133,0.7098142680442555
0.158,0.13270401128953854,0.7092959887104614
0.159,0.1323477298397547,0.7086522701602452
0.1599958131117814,0.132,0.7080041868882186
0.16,0.13199855691908194,0.7080014430809181
0.161,0.13166117542412684,0.7073388245758732
0.162,0.13133067162294748,0.7066693283770524
0.163,0.13100698591996132,0.7059930140800387
0.16302206488236082,0.131,0.7059779351176392
0.164,0.13069441095849063,0.7053055890415093
0.165,0.13038855350792966,0.7046114464920703
0.166,0.13008926051275632,0.7039107394872437
0.1663050860671541,0.13,0.7036949139328459
0.167,0.12979934512695587,0.7032006548730441
0.168,0.1295170624986825,0.7024829375013175
0.169,0.1292411057593628,0.7017588942406372
0.1698941377767207,0.129,0.7011058622232793
0.17,0.12897182905682908,0.7010281709431709
0.171,0.12871210519736723,0.7002878948026328
0.172,0.1284584825889878,0.6995415174110122
0.173,0.12821091514570326,0.6987890848542967
0.17387325957608143,0.128,0.6981267404239185
0.174,0.12796979309999956,0.6980302069000005
0.175,0.12773755301034176,0.6972624469896582
0.176,0.12751115977889374,0.6964888402211064
0.177,0.12729057173938635,0.6957094282606135
0.178,0.12707574817861061,0.6949242518213894
0.17836249472070315,0.127,0.6946375052792968
0.179,0.1268685550282886,0.6941314449717113
0.18,0.12666805477339235,0.6933319452266077
0.181,0.12647312853805276,0.6925268714619472
0.182,0.12628373953341357,0.6917162604665865
0.183,0.1260998518242419,0.6909001481757581
0.18355989081253818,0.126,0.6904401091874618
0.184,0.1259225599972182,0.6900774400027818
0.185,0.12575206204094533,0.6892479379590546
0.186,0.12558689077809299,0.688413109221907
0.187,0.1254270137697937,0.6875729862302062
0.188,0.12527239934535803,0.686727600654642
0.189,0.12512301658890385,0.685876983411096
0.18985333606058266,0.125,0.6851466639394174
0.19,0.12497914187421916,0.6850208581257808
0.191,0.12484214887981344,0.6841578511201865
0.192,0.12471022944854843,0.6832897705514516
0.193,0.12458335572942227,0.6824166442705777
0.194,0.12446150055457399,0.6815384994454261
0.195,0.12434463742823545,0.6806553625717645
0.196,0.12423274051601225,0.6797672594839878
0.197,0.12412578463448677,0.6788742153655132
0.198,0.1240237452411319,0.6779762547588681
0.19824461893892392,0.124,0.677755381061076
0.199,0.12392767339942977,0.6770723266005702
0.2,0.12383675028652184,0.6761632497134782
0.201,0.1237506059957868,0.6752493940042131
0.202,0.1236692185383955,0.6743307814616045
0.203,0.12359256651069546,0.6734074334893044
0.204,0.12352062908588364,0.6724793709141164
0.205,0.12345338600593515,0.6715466139940649
0.206,0.12339081757377776,0.6706091824262223
0.207,0.1233329046457091,0.6696670953542909
0.208,0.12327962862404827,0.6687203713759517
0.209,0.1232309714500172,0.6677690285499829
0.21,0.12318691559684569,0.6668130844031543
0.211,0.12314744406309469,0.6658525559369053
0.212,0.12311254036619274,0.6648874596338072
0.213,0.12308218853618033,0.6639178114638197
0.214,0.12305637310965763,0.6629436268903424
0.215,0.1230350791239307,0.6619649208760693
0.216,0.12301829211135178,0.6609817078886483
0.217,0.12300599809384889,0.6599940019061511
0.21776775525439845,0.123,0.6592322447456016
0.218,0.12299821082660446,0.6590017891733956
0.219,0.12299491312410091,0.6580050868758991
0.22,0.1229960025092119,0.6570039974907881
0.22073177848470552,0.123,0.6562682215152945
0.221,0.12300148925744205,0.655998510742558
0.222,0.123011467319546,0.654988532680454
0.223,0.12302586450595421,0.6539741354940458
0.224,0.12304467012756452,0.6529553298724355
0.225,0.12306787394745197,0.651932126052548
0.226,0.12309546617693595,0.6509045338230641
0.227,0.12312743747180264,0.6498725625281974
0.228,0.12316377892867911,0.6488362210713209
0.229,0.12320448208155595,0.647795517918444
0.23,0.12324953889845684,0.6467504611015432
0.231,0.12329894177825214,0.6457010582217478
0.232,0.1233526835476135,0.6446473164523865
0.233,0.1234107574581086,0.6435892425418914
0.234,0.12347315718343248,0.6425268428165676
0.235,0.12353987681677434,0.6414601231832257
0.236,0.12361091086831699,0.640389089131683
0.237,0.12368625426286829,0.6393137457371317
0.238,0.1237659023376214,0.6382340976623786
0.239,0.12384985084004276,0.6371501491599573
0.24,0.12393809592588682,0.6360619040741132
0.24066922685948036,0.124,0.6353307731405197
0.241,0.12403111639213484,0.6349688836078652
0.242,0.12412947199016724,0.6338705280098328
0.243,0.12423218736745355,0.6327678126325464
0.244,0.12433926060854006,0.63166073939146
0.245,0.1244506902084467,0.6305493097915533
0.246,0.12456647507149421,0.6294335249285058
0.247,0.12468661451025226,0.6283133854897478
0.248,0.12481110824460648,0.6271888917553935
0.249,0.12493995640094487,0.6260600435990551
0.24945108756970888,0.125,0.6255489124302911
0.25,0.12507432868049745,0.6249256713195026
0.251,0.12521409138263473,0.6237859086173653
0.252,0.12535828822232783,0.6226417117776721
0.253,0.12550692137581324,0.6214930786241868
0.254,0.1256599934351449,0.6203400065648551
0.255,0.12581750740820558,0.6191824925917944
0.256,0.1259794667188372,0.6180205332811628
0.25612353815825234,0.126,0.6178764618417477
0.257,0.1261482370375519,0.6168517629624481
0.258,0.12632187393130692,0.6156781260686931
0.259,0.12650005070365358,0.6144999492963464
0.26,0.1266827729850654,0.6133172270149346
0.261,0.12687004683757055,0.6121299531624295
0.2616777427784483,0.127,0.6113222572215518
0.262,0.12706289123373515,0.6109371087662648
0.263,0.12726250903398165,0.6097374909660184
0.264,0.12746678558436475,0.6085332144156352
0.265,0.12767572932064644,0.6073242706793536
0.266,0.1278893491311524,0.6061106508688476
0.2665072338950518,0.128,0.6054927661049482
0.267,0.12810943577930844,0.6048905642206915
0.268,0.12833613632968438,0.6036638636703155
0.269,0.12856763408385435,0.6024323659161457
0.27,0.1288039405065385,0.6011960594934614
0.2708133305737316,0.129,0.6001866694262684
0.271,0.12904582089039035,0.5999541791096097
0.272,0.12929590166255095,0.598704098337449
0.273,0.1295509254216664,0.5974490745783336
0.274,0.1298109064223341,0.5961890935776659
0.2747140150512047,0.13,0.5952859849487954
0.275,0.13007714121151415,0.5949228587884858
0.276,0.13035165416879363,0.5936483458312063
0.277,0.13063127323251597,0.592368726767484
0.278,0.13091601569619146,0.5910839843038085
0.2782900611493554,0.131,0.5907099388506446
0.279,0.13120941840825084,0.5897905815917491
0.28,0.1315095218977194,0.5884904781022806
0.281,0.13181491376360813,0.5871850862363919
0.28159612248412214,0.132,0.5864038775158779
0.282,0.13212778304683817,0.5858722169531618
0.283,0.13244928583241888,0.5845507141675812
0.284,0.13277625685753444,0.5832237431424655
0.2846733816765282,0.133,0.5823266183234718
0.285,0.13311061644683736,0.5818893835531627
0.286,0.13345450895929015,0.5805454910407098
0.287,0.13380406593497968,0.5791959340650203
0.2875520014915671,0.134,0.5784479985084329
0.288,0.13416212475864328,0.5778378752413567
0.289,0.13452948097706804,0.576470519022932
0.29,0.13490271591326786,0.5750972840867321
0.29025695732685625,0.135,0.5747430426731437
0.291,0.13528689104787273,0.5737131089521273
0.292,0.13567887757142952,0.5723211224285705
0.29280694978865585,0.136,0.5711930502113441
0.293,0.1360783646264217,0.5709216353735784
0.294,0.1364899200157082,0.5695100799842918
0.295,0.1369078063955939,0.5680921936044061
0.29521765950783513,0.137,0.5677823404921649
0.296,0.13733812571834134,0.5666618742816586
0.297,0.13777668926719386,0.5652233107328062
0.29750216513244737,0.138,0.5644978348675526
0.298,0.13822595588502012,0.5637740441149799
0.299,0.13868615082546978,0.5623138491745303
0.29967245922153685,0.139,0.5613275407784631
0.3,0.13915606957002144,0.5608439304299785
0.301,0.13963892040615303,0.5593610795938471
0.30173735864115864,0.14,0.5582626413588413
0.303,0.14063795384425243,0.5563620461557477
0.305,0.14168645884539355,0.5533135411546065
0.307,0.14278792382848535,0.5502120761715147
0.309,0.14394615080774537,0.5470538491922547
0.311,0.14516862943456962,0.5438313705654304
0.313,0.14645912202136038,0.5405408779786397
0.315,0.1478217323675649,0.5371782676324351
0.317,0.14926777863312,0.53373222136688
0.319,0.15080388093524533,0.5301961190647547
0.321,0.15244332431674057,0.5265566756832595
0.323,0.154196171340378,0.522803828659622
0.325,0.15608119198421186,0.5189188080157882
0.327,0.1581210832218798,0.5148789167781203
0.329,0.16034358824532177,0.5106564117546782
0.331,0.16278302072102427,0.5062169792789758
0.333,0.1654965333039634,0.5015034666960366
0.335,0.16855998569125755,0.4964400143087425
0.33694927984465456,0.172,0.4910507201553455
0.337,0.17209846727865366,0.4909015327213464
0.3374594265411574,0.173,0.48954057345884255
0.3379472589477401,0.174,0.4880527410522599
0.338,0.17411272384078916,0.4878872761592108
0.33841074341155086,0.175,0.48658925658844915
0.3388528062635125,0.176,0.48514719373648746
0.339,0.17634843688427568,0.4846515631157243
0.33927235297962793,0.177,0.483727647020372
0.33967071855370323,0.178,0.4823292814462968
0.34,0.1788695084534983,0.4811304915465016
0.3400489008896953,0.179,0.4809510991103047
0.3404055412667719,0.18,0.4795944587332281
0.3407431273928624,0.181,0.4782568726071376
0.341,0.18180498550481206,0.477195014495188
0.3410615843619767,0.182,0.47693841563802336
0.3413600941404067,0.183,0.4756399058595933
0.341640632916435,0.184,0.474359367083565
0.34190350746597636,0.185,0.4730964925340236
0.342,0.18539208953656644,0.4726079104634335
0.34214806638066586,0.186,0.47185193361933414
0.3423750541545429,0.187,0.47062494584545705
0.3425853775084655,0.188,0.4694146224915345
0.34277932041233916,0.189,0.46822067958766084
0.3429571620221651,0.19,0.4670428379778349
0.343,0.19026364509317986,0.4667363549068202
0.34311842414647076,0.191,0.46588157585352924
0.34326395906859203,0.192,0.464736040931408
0.34339430090519885,0.193,0.46360569909480115
0.3435097085137775,0.194,0.4624902914862225
0.3436104364591815,0.195,0.46138956354081856
0.343696735101638,0.196,0.460303264898362
0.34376885068257723,0.197,0.45923114931742276
0.3438270254083465,0.198,0.45817297459165357
0.3438714975318738,0.199,0.45712850246812625
0.3439025014323381,0.2,0.45609749856766196
0.34392026769290784,0.201,0.45507973230709214
0.34392502317659945,0.202,0.45407497682340053
0.3439169911003145,0.203,0.4530830088996855
0.3438963911071037,0.204,0.45210360889289636
0.3438634393367118,0.205,0.4511365606632882
0.3438183484944502,0.206,0.4501816515055499
0.3437613279184449,0.207,0.4492386720815552
0.34369258364530597,0.208,0.44830741635469407
0.3436123184742629,0.209,0.44738768152573716
0.3435207320298077,0.21,0.44647926797019233
0.3434180208228883,0.211,0.44558197917711173
0.3433043783106911,0.212,0.444695621689309
0.34317999495505286,0.213,0.4438200050449471
0.34304505827953813,0.214,0.4429549417204619
0.343,0.21430924682449065,0.4426907531755094
0.34289913336267447,0.215,0.4421008666373255
0.34274268180746187,0.216,0.4412573181925381
0.34257616269753455,0.217,0.4404238373024655
0.3423997535969233,0.218,0.4396002464030767
0.34221362937334604,0.219,0.43878637062665404
0.34201796224850967,0.22,0.43798203775149036
0.342,0.22008728571891711,0.4379127142810828
0.3418117667253454,0.221,0.4371882332746546
0.34159619977789263,0.222,0.43640380022210734
0.34137153815092086,0.223,0.4356284618490792
0.34113794508790185,0.224,0.4348620549120982
0.341,0.2245681851028258,0.4344318148971742
0.34089493590139847,0.225,0.4341050640986016
0.34064241073266055,0.226,0.43335758926733947
0.34038138035572624,0.227,0.4326186196442737
0.3401119996001101,0.228,0.43188800039988995
0.34,0.22840252224056304,0.4315974777594369
0.3398333961976872,0.229,0.43116660380231286
0.33954600504231564,0.23,0.43045399495768444
0.33925066914433527,0.231,0.4297493308556647
0.339,0.23182634885498907,0.42917365114501094
0.3389472099984014,0.232,0.42905279000159857
0.3386344976817669,0.233,0.4283655023182331
0.33831423232194546,0.234,0.42768576767805455
0.3376494429036663,0.236,0.42635055709633374
0.337,0.23786856646967752,0.4251314335303225
0.33695371076043634,0.238,0.42504628923956367
0.33622615243946274,0.24,0.42377384756053726
0.33546858767572496,0.242,0.42253141232427505
0.335,0.24319994755528443,0.42180005244471563
0.33468180652905954,0.244,0.42131819347094046
0.33386630039546894,0.246,0.42013369960453106
0.3330224078541918,0.248,0.4189775921458082
0.333,0.24805182670292406,0.418948173297076
0.33215007232394533,0.25,0.41784992767605467
0.3312505844213503,0.252,0.41674941557864975
0.331,0.2525456964199579,0.41645430358004215
0.3303243898932925,0.254,0.4156756101067075
0.3293719242605729,0.256,0.41462807573942717
0.329,0.25676643103375424,0.4142335689662458
0.32839361312667503,0.258,0.41360638687332496
0.3273898724746077,0.26,0.4126101275253923
0.327,0.26076356063375133,0.4122364393662487
0.32636110895236164,0.262,0.4116388910476383
0.325307720147496,0.264,0.410692279852504
