p1,p2,p3
0.055572300030808416,0.941,0.0034276999691916776
0.055,0.9415612726629226,0.0034387273370773963
0.054552477851080465,0.942,0.003447522148919635
0.054,0.9425416194802668,0.0034583805197331285
0.0535322399448022,0.943,0.003467760055197888
0.053,0.9435215665494778,0.0034784334505221226
0.05251156986490298,0.944,0.0034884301350970315
0.052,0.9445010987100351,0.003498901289964884
0.05149045015781471,0.945,0.003509549842185322
0.051,0.9454801999179365,0.003519800082063429
0.050468862279345064,0.946,0.003531137720654942
0.05,0.946458853175709,0.003541146824290964
0.04944678650155286,0.947,0.003553213498447172
0.049,0.9474370404553484,0.0035629595446515783
0.04842420180944451,0.948,0.0035757981905555347
0.048,0.9484147426133133,0.003585257386686691
0.04740108578612434,0.949,0.0035989142138757035
0.047,0.9493919392965683,0.0036080607034316703
0.0463774144848133,0.95,0.0036225855151867936
0.046,0.9503686088385235,0.0036313911614764827
0.04535316228589001,0.951,0.0036468377141100072
0.045,0.9513447281435345,0.003655271856465414
0.04432830173679802,0.952,0.0036716982632020168
0.044,0.9523202725584232,0.003679727441576741
0.04330280337229222,0.953,0.003697196627707844
0.043,0.9532952157292259,0.003704784270774031
0.04227663551205115,0.954,0.0037233644879488548
0.042,0.9542695294410842,0.0037304705589157328
0.04124976403214412,0.955,0.0037502359678559527
0.041,0.955243183438841,0.0037568165611590043
0.04022215210618947,0.956,0.0037778478938105264
0.04,0.9562161452254798,0.0037838547745201456
0.03919375991124584,0.957,0.003806240088754187
0.039,0.9571883798350445,0.0038116201649555093
0.03816454429250577,0.958,0.0038354557074942175
0.038,0.9581598495760556,0.0038401504239443662
0.03713445837966417,0.959,0.0038655416203358106
0.037,0.9591305137407077,0.0038694862592922874
0.036103451146353605,0.96,0.003896548853646431
0.036,0.9601003282742128,0.0038996717257872016
0.035071466902195994,0.961,0.0039285330978040545
0.035,0.9610692453975579,0.003930754602442077
0.03403844470471331,0.962,0.003961555295286745
0.034,0.9620372131755668,0.003962786824433184
0.033004317675433346,0.963,0.003995682324566707
0.033,0.9630041750204663,0.0039958249795336576
0.032,0.9639613943866231,0.004038605613376878
0.03195955608176721,0.964,0.004040443918232772
0.031,0.9649159392354699,0.004084060764530051
0.030911792264224535,0.965,0.004088207735775451
0.03,0.9658689236819994,0.004131076318000582
0.02986221639329937,0.966,0.004137783606700696
0.029,0.9668202420530141,0.004179757946985885
0.028810688871449785,0.967,0.004189311128550255
0.028,0.9677697775468938,0.004230222453106225
0.027757053104928875,0.968,0.004242946895071098
0.027,0.9687174006140759,0.004282599385924124
0.026701132612713563,0.969,0.004298867387286465
0.026,0.9696629670317665,0.004337032968233512
0.025642727492494008,0.97,0.00435727250750606
0.025,0.9706063156008758,0.0043936843991241314
0.0245816100643537,0.971,0.004418389935646361
0.024,0.9715472653725845,0.004452734627415467
0.023517519451709008,0.972,0.004482480548291035
0.023,0.972485612284328,0.00451438771567203
0.022450154773140732,0.973,0.004549845226859306
0.022,0.9734211250475547,0.004578874952445244
0.021379166495981962,0.974,0.004620833504018096
0.021,0.9743535400782131,0.004646459921786916
0.020304145324255264,0.975,0.004695854675744737
0.02,0.9752825551894502,0.004717444810549809
0.01922460773002631,0.976,0.0047753922699736995
0.019,0.9762078216651527,0.004792178334847241
0.018139976839977912,0.977,0.004860023160022098
0.018,0.9771289341884198,0.004871065811580144
0.017049556777043784,0.978,0.004950443222956236
0.017,0.9780454178883066,0.0049545821116934174
0.016,0.9789469947859638,0.005053005214036177
0.015940053512906355,0.979,0.005059946487093625
0.015,0.9798312015102946,0.005168798489705417
0.014807317010262241,0.98,0.00519268298973774
0.014,0.9807072422193436,0.00529275778065641
0.013662201980488889,0.981,0.005337798019511175
0.013,0.9815739059398433,0.005426094060156705
0.012502101888874226,0.982,0.005497898111125776
0.012,0.982429690503931,0.005570309496068959
0.011323485247243286,0.983,0.005676514752756767
0.011,0.9832727009884421,0.005727299011557885
0.010121406138349304,0.984,0.005878593861650683
0.01,0.9841004996112753,0.0058995003887246655
0.009,0.984893357609236,0.006106642390763972
0.008857333957942784,0.985,0.006142666042057265
0.008,0.9856408523650677,0.006359147634932283
0.0074965270541891655,0.986,0.006503472945810884
0.007,0.9863541917957525,0.006645808204247539
0.006034118888755529,0.987,0.006965881111244521
0.006,0.9870228125310841,0.006977187468915846
0.005,0.9875730619368245,0.007426938063175514
0.004039437339727519,0.988,0.007960562660272452
0.004,0.988017528522117,0.007982471477883002
0.003,0.9882064351168085,0.008793564883191496
0.002187040500071849,0.988,0.009812959499928109
0.002,0.9879412526295436,0.010058747370456422
0.0013801113328843176,0.987,0.011619888667115719
0.001,0.9863121138910724,0.01268788610892757
0.061,0.9356715496504114,0.0033284503495886186
0.05964772927063636,0.937,0.0033522707293636156
0.059,0.9376361636138113,0.0033638363861887566
0.05862942313436256,0.938,0.0033705768656374646
0.058,0.9386179733735404,0.003382026626459589
0.057610758416248256,0.939,0.0033892415837517564
0.057,0.9395994363849678,0.0034005636150321594
0.05659172200071287,0.94,0.0034082779992872236
0.056,0.9405805404381665,0.0034194595618334267
0.055572300030808416,0.941,0.0034276999691916776
