p1,p2,p3
0.0,0.493218281810591,0.506781718189409
0.00039849121235806034,0.493,0.506601508787642
0.001,0.4926705111099541,0.5063294888900459
0.002,0.4921227404093172,0.5058772595906829
0.0022240726077069613,0.492,0.505775927392293
0.003,0.49157496970868025,0.5054250302913197
0.004,0.49102719900804326,0.5049728009919567
0.0040496540030557585,0.491,0.5049503459969442
0.005,0.4904794283074063,0.5045205716925937
0.005875235398404548,0.49,0.5041247646015955
0.006,0.4899316576067694,0.5040683423932306
0.007,0.48938388690613244,0.5036161130938676
0.007700816793753418,0.489,0.5032991832062466
0.008,0.4888361162054955,0.5031638837945045
0.009,0.48828834550485856,0.5027116544951414
0.00952639818910225,0.488,0.5024736018108977
0.01,0.4877405748042216,0.5022594251957784
0.011,0.4871928041035847,0.5018071958964153
0.011351979584451076,0.487,0.5016480204155489
0.012,0.4866450334029477,0.5013549665970523
0.013,0.48609726270231074,0.5009027372976893
0.013177560979799885,0.486,0.5008224390202001
0.014,0.48554949200167385,0.5004505079983261
0.015,0.4850017213010369,0.4999982786989631
0.015003142375148801,0.485,0.49999685762485124
0.016,0.4844539506003999,0.49954604939960007
0.01682872377049759,0.484,0.4991712762295024
0.017,0.483906179899763,0.499093820100237
0.018,0.48335840919912604,0.49864159080087395
0.018654305165846395,0.483,0.4983456948341536
0.019,0.4828106384984891,0.4981893615015109
0.02,0.48226286779785216,0.4977371322021478
0.02047988656119529,0.482,0.49752011343880476
0.021,0.4817150970972152,0.49728490290278476
0.022,0.4811673263965783,0.4968326736034217
0.022305467956544117,0.481,0.4966945320434559
0.023,0.48061955569594134,0.49638044430405864
0.024,0.4800717849953044,0.4959282150046956
0.024131049351892926,0.48,0.4958689506481071
0.025,0.47952401429466746,0.4954759857053325
0.025956630747241777,0.479,0.49504336925275827
0.026,0.4789762435940305,0.49502375640596946
0.027,0.4784284728933936,0.4945715271066064
0.027782212142590575,0.478,0.49421778785740944
0.028,0.4778807021927566,0.4941192978072434
0.029,0.47733293149211964,0.49366706850788034
0.029607793537939416,0.477,0.4933922064620606
0.03,0.4767851607914827,0.4932148392085173
0.031,0.4762373900908458,0.49276260990915416
0.03143337493328833,0.476,0.49256662506671167
0.032,0.4756896193902089,0.4923103806097911
0.033,0.47514184868957193,0.49185815131042804
0.033258956328637165,0.475,0.49174104367136284
0.034,0.474594077988935,0.491405922011065
0.035,0.474046307288298,0.49095369271170197
0.035084537723985905,0.474,0.4909154622760141
0.036,0.47349853658766106,0.4905014634123389
0.03691011911933481,0.473,0.4900898808806652
0.037,0.4729507658870241,0.49004923411297585
0.038,0.4724029951863872,0.4895970048136128
0.03873570051468362,0.472,0.48926429948531636
0.039,0.47185522448575024,0.48914477551424973
0.04,0.4713074537851133,0.48869254621488667
0.04056128191003246,0.471,0.4884387180899675
0.041,0.47075968308447635,0.4882403169155236
0.042,0.4702119123838394,0.48778808761616055
0.04238686330538137,0.47,0.4876131366946187
0.043,0.46966414168320253,0.48733585831679743
0.044,0.4691163709825656,0.48688362901743437
0.04421244470073021,0.469,0.48678755529926987
0.045,0.4685686002819286,0.48643139971807137
0.046,0.4680208295812916,0.48597917041870836
0.046038026096078814,0.468,0.4859619739039212
0.047,0.46747305888065466,0.4855269411193453
0.04786360749142773,0.467,0.48513639250857227
0.048,0.4669252881800178,0.4850747118199822
0.049,0.46637751747938083,0.4846224825206191
0.049689188886776536,0.466,0.48431081111322344
0.05,0.46582974677874384,0.4841702532212561
0.051,0.4652819760781069,0.48371802392189306
0.05151477028212536,0.465,0.4834852297178746
0.052,0.46473420537746996,0.48326579462253
0.053,0.46418643467683307,0.4828135653231669
0.05334035167747428,0.464,0.48265964832252567
0.054,0.46363866397619613,0.4823613360238038
0.055,0.4630908932755592,0.48190910672444076
0.05516593307282311,0.463,0.48183406692717684
0.056,0.4625431225749222,0.48145687742507776
0.056991514468171856,0.462,0.4810084855318281
0.057,0.46199535187428525,0.4810046481257147
0.058,0.4614475811736483,0.48055241882635163
0.058817095863520824,0.461,0.4801829041364792
0.059,0.46089981047301143,0.48010018952698863
0.06,0.46035203977237443,0.4796479602276255
0.060642677258869654,0.46,0.47935732274113035
0.061,0.45980426907173755,0.4791957309282625
0.062,0.45925649837110055,0.4787435016288994
0.06246825865421846,0.459,0.4785317413457815
0.063,0.45870872767046367,0.4782912723295364
0.064,0.45816095696982667,0.47783904303017327
0.06429384004956733,0.458,0.4777061599504327
0.065,0.4576131862691898,0.47738681373081027
0.066,0.4570654155685528,0.47693458443144715
0.06611942144491612,0.457,0.47688057855508387
0.067,0.4565176448679159,0.47648235513208415
0.0679450028402649,0.456,0.47605499715973504
0.068,0.45596987416727885,0.4760301258327211
0.069,0.455422103466642,0.475577896533358
0.06977058423561384,0.455,0.4752294157643861
0.07,0.45487433276600503,0.4751256672339949
0.071,0.45432656206536814,0.4746734379346319
0.07159616563096272,0.454,0.47440383436903727
0.072,0.4537787913647312,0.47422120863526884
0.073,0.45323102066409426,0.4737689793359058
0.07342174702631155,0.453,0.47357825297368844
0.074,0.4526832499634573,0.4733167500365427
0.075,0.4521354792628204,0.47286452073717966
0.0752473284216604,0.452,0.4727526715783396
0.076,0.4515877085621834,0.47241229143781666
0.077,0.45103993786154645,0.4719600621384536
0.0770729098170092,0.451,0.4719270901829908
0.078,0.4504921671609095,0.47150783283909053
0.07889849121235806,0.45,0.47110150878764195
0.079,0.44994439646027257,0.4710556035397275
0.08,0.4493966257596356,0.4706033742403644
0.08072407260770693,0.449,0.470275927392293
0.081,0.4488488550589987,0.47015114494100135
0.082,0.44830108435836175,0.4696989156416383
0.08254965400305576,0.448,0.4694503459969442
0.083,0.4477533136577248,0.46924668634227523
0.084,0.44720554295708786,0.46879445704291217
0.0843752353984046,0.447,0.46862476460159536
0.085,0.4466577722564509,0.4683422277435491
0.086,0.446110001555814,0.46788999844418605
0.0862008167937534,0.446,0.46779918320624664
0.087,0.44556223085517704,0.467437769144823
0.088,0.4450144601545401,0.46698553984545993
0.08802639818910224,0.445,0.4669736018108977
0.089,0.44446668945390316,0.46653331054609687
0.08985197958445104,0.444,0.466148020415549
0.09,0.44391891875326617,0.46608108124673386
0.091,0.4433711480526292,0.4656288519473708
0.09167756097979989,0.443,0.46532243902020015
0.092,0.4428233773519923,0.46517662264800774
0.093,0.4422756066513554,0.4647243933486446
0.0935031423751488,0.442,0.4644968576248512
0.094,0.44172783595071846,0.46427216404928157
0.095,0.44118006525008147,0.46381993474991856
0.09532872377049757,0.441,0.4636712762295024
0.096,0.4406322945494445,0.4633677054505555
0.097,0.4400845238488076,0.46291547615119244
0.09715430516584637,0.44,0.46284569483415366
0.098,0.43953675314817064,0.4624632468518294
0.09897988656119529,0.439,0.4620201134388047
0.099,0.4389889824475337,0.4620110175524663
0.1,0.43844121174689676,0.46155878825310326
0.10080546795654409,0.438,0.4611945320434559
0.101,0.4378934410462598,0.4611065589537402
0.102,0.4373456703456229,0.46065432965437714
0.10263104935189292,0.437,0.46036895064810707
0.103,0.43679789964498594,0.4602021003550141
0.104,0.436250128944349,0.459749871055651
0.10445663074724183,0.436,0.4595433692527581
0.105,0.4357023582437121,0.4592976417562879
0.106,0.4351545875430751,0.4588454124569249
0.1062822121425906,0.435,0.4587177878574094
0.107,0.4346068168424382,0.45839318315756183
0.108,0.4340590461418012,0.45794095385819883
0.10810779353793941,0.434,0.4578922064620606
0.109,0.4335112754411643,0.4574887245588357
0.10993337493328832,0.433,0.45706662506671164
0.11,0.43296350474052736,0.45703649525947265
0.111,0.4324157340398904,0.4565842659601096
0.11175895632863714,0.432,0.4562410436713628
0.112,0.4318679633392534,0.4561320366607466
0.113,0.4313201926386165,0.4556798073613835
0.11358453772398597,0.431,0.4554154622760141
0.114,0.4307724219379796,0.4552275780620204
0.115,0.4302246512373426,0.4547753487626574
0.1154101191193348,0.43,0.45458988088066515
0.116,0.42967688053670566,0.45432311946329434
0.117,0.4291291098360687,0.4538708901639313
0.11723570051468361,0.429,0.45376429948531644
0.118,0.4285813391354318,0.4534186608645682
0.119,0.42803356843479484,0.45296643156520516
0.11906128191003244,0.428,0.4529387180899676
0.12,0.4274857977341579,0.4525142022658421
0.12088686330538137,0.427,0.45211313669461867
0.121,0.426938027033521,0.452061972966479
0.122,0.426390256332884,0.451609743667116
0.12271244470073017,0.426,0.45128755529926984
0.123,0.4258424856322471,0.4511575143677529
0.124,0.42529471493161014,0.45070528506838986
0.12453802609607897,0.425,0.450461973903921
0.125,0.4247469442309732,0.4502530557690268
0.126,0.42419917353033626,0.44980082646966374
0.12636360749142783,0.424,0.4496363925085722
0.127,0.4236514028296993,0.4493485971703007
0.128,0.4231036321290623,0.4488963678709377
0.12818918888677663,0.423,0.44881081111322335
0.129,0.42255586142842544,0.44844413857157456
0.13,0.4220080907277885,0.4479919092722115
0.1300147702821255,0.422,0.4479852297178745
0.131,0.42146032002715156,0.44753967997284844
0.13184035167747435,0.421,0.4471596483225257
0.132,0.4209125493265146,0.4470874506734854
0.133,0.4203647786258777,0.4466352213741223
0.1336659330728232,0.42,0.44633406692717686
0.134,0.41981700792524074,0.44618299207475925
0.135,0.41926923722460374,0.44573076277539625
0.13549151446817198,0.419,0.44550848553182804
0.136,0.4187214665239668,0.4452785334760332
0.137,0.41817369582332986,0.44482630417667013
0.1373170958635208,0.418,0.4446829041364792
0.138,0.4176259251226929,0.44437407487730707
0.139,0.417078154422056,0.443921845577944
0.1391426772588697,0.417,0.44385732274113027
0.14,0.41653038372141904,0.44346961627858095
0.14096825865421855,0.416,0.44303174134578144
0.141,0.4159826130207821,0.4430173869792179
0.142,0.41543484232014516,0.4425651576798548
0.14279384004956733,0.415,0.4422061599504327
0.143,0.4148870716195082,0.44211292838049177
0.144,0.4143393009188713,0.4416606990811287
0.1446194214449162,0.414,0.4413805785550838
0.145,0.41379153021823434,0.44120846978176564
0.146,0.4132437595175974,0.4407562404824026
0.14644500284026502,0.413,0.44055499715973495
0.147,0.41269598881696046,0.4403040111830395
0.148,0.4121482181163235,0.43985178188367646
0.14827058423561384,0.412,0.43972941576438623
0.149,0.4116004474156866,0.4393995525843134
0.15,0.41105267671504964,0.43894732328495034
0.15009616563096273,0.411,0.4389038343690373
0.151,0.4105049060144127,0.4384950939855873
0.15192174702631156,0.41,0.43807825297368846
0.152,0.40995713531377576,0.4380428646862242
0.153,0.4094093646131388,0.43759063538686116
0.15374732842166036,0.409,0.43725267157833964
0.154,0.4088615939125018,0.43713840608749815
0.155,0.4083138232118649,0.4366861767881351
0.15557290981700925,0.408,0.4364270901829908
0.156,0.40776605251122794,0.43623394748877203
0.157,0.407218281810591,0.435781718189409
0.15739849121235802,0.407,0.435601508787642
0.158,0.4066705111099541,0.43532948889004586
0.159,0.4061227404093172,0.4348772595906828
0.15922407260770682,0.406,0.4347759273922932
0.16,0.4055749697086802,0.4344250302913198
0.161,0.40502719900804324,0.43397280099195673
0.16104965400305563,0.405,0.4339503459969444
0.162,0.4044794283074063,0.43352057169259367
0.16287523539840448,0.404,0.43312476460159555
0.163,0.40393165760676936,0.4330683423932306
0.164,0.4033838869061324,0.43261611309386755
0.16470081679375337,0.403,0.4322991832062466
0.165,0.4028361162054955,0.4321638837945045
0.166,0.40228834550485854,0.43171165449514143
0.16652639818910214,0.402,0.4314736018108979
0.167,0.4017405748042216,0.43125942519577837
0.168,0.40119280410358465,0.4308071958964153
0.16835197958445097,0.401,0.43064802041554895
0.169,0.4006450334029477,0.43035496659705225
0.17,0.4000972627023108,0.4299027372976892
0.17017756097979983,0.4,0.4298224390202001
0.171,0.39954949200167383,0.4294505079983261
0.172,0.39900172130103695,0.4289982786989631
0.1720031423751488,0.399,0.4289968576248512
0.173,0.39845395060039995,0.4285460493996
0.17382872377049757,0.398,0.42817127622950235
0.174,0.397906179899763,0.42809382010023705
0.175,0.397358409199126,0.42764159080087394
0.17565430516584637,0.397,0.42734569483415363
0.176,0.39681063849848913,0.42718936150151093
0.177,0.39626286779785214,0.4267371322021478
0.17747988656119518,0.396,0.4265201134388048
0.178,0.39571509709721525,0.4262849029027848
0.179,0.39516732639657826,0.4258326736034217
0.17930546795654403,0.395,0.425694532043456
0.18,0.39461955569594137,0.4253804443040587
0.181,0.3940717849953044,0.4249282150046956
0.1811310493518928,0.394,0.42486895064810715
0.182,0.3935240142946675,0.42447598570533257
0.18295663074724172,0.393,0.4240433692527583
0.183,0.3929762435940305,0.42402375640596945
0.184,0.3924284728933936,0.42357152710660645
0.18478221214259052,0.392,0.4232177878574095
0.185,0.3918807021927566,0.42311929780724333
0.186,0.3913329314921197,0.4226670685078804
0.18660779353793933,0.391,0.42239220646206066
0.187,0.3907851607914827,0.42221483920851727
0.188,0.39023739009084585,0.4217626099091542
0.18843337493328827,0.39,0.4215666250667117
0.189,0.38968961939020885,0.4213103806097911
0.19,0.3891418486895719,0.42085815131042814
0.1902589563286371,0.389,0.4207410436713629
0.191,0.3885940779889349,0.420405922011065
0.192,0.38804630728829803,0.419953692711702
0.19208453772398595,0.388,0.41991546227601406
0.193,0.3874985365876611,0.41950146341233885
0.19391011911933487,0.387,0.4190898808806651
0.194,0.3869507658870242,0.41904923411297584
0.195,0.3864029951863872,0.4185970048136127
0.1957357005146836,0.386,0.4182642994853164
0.196,0.38585522448575027,0.4181447755142498
0.197,0.3853074537851133,0.41769254621488666
0.19756128191003242,0.385,0.4174387180899676
0.198,0.3847596830844764,0.41724031691552366
0.199,0.3842119123838394,0.41678808761616054
0.19938686330538127,0.384,0.41661313669461875
0.2,0.3836641416832025,0.41633585831679754
0.201,0.3831163709825655,0.4158836290174344
0.2012124447007301,0.383,0.4157875552992699
0.202,0.38256860028192863,0.4154313997180714
0.203,0.38202082958129163,0.4149791704187083
0.2030380260960789,0.382,0.4149619739039211
0.204,0.38147305888065475,0.4145269411193453
0.2048636074914278,0.381,0.41413639250857215
0.205,0.38092528818001775,0.4140747118199823
0.206,0.3803775174793808,0.41362248252061923
0.20668918888677662,0.38,0.41331081111322343
0.207,0.37982974677874387,0.41317025322125617
0.208,0.379281976078107,0.41271802392189305
0.20851477028212548,0.379,0.4124852297178745
0.209,0.37873420537747005,0.41226579462253
0.21,0.3781864346768331,0.41181356532316693
0.2103403516774744,0.378,0.41165964832252555
0.211,0.37763866397619616,0.41136133602380387
0.212,0.3770908932755592,0.4109091067244408
0.2121659330728232,0.377,0.41083406692717683
0.213,0.3765431225749223,0.41045687742507775
0.21399151446817205,0.376,0.4100084855318279
0.214,0.37599535187428534,0.4100046481257147
0.215,0.37544758117364835,0.4095524188263517
0.21581709586352077,0.375,0.4091829041364792
0.216,0.3748998104730114,0.4091001895269886
0.217,0.37435203977237447,0.40864796022762556
0.21764267725886968,0.374,0.40835732274113035
0.218,0.3738042690717375,0.4081957309282625
0.219,0.3732564983711006,0.40774350162889944
0.2194682586542185,0.373,0.4075317413457815
0.22,0.37270872767046365,0.4072912723295364
0.221,0.3721609569698267,0.4068390430301733
0.22129384004956731,0.372,0.4067061599504327
0.222,0.37161318626918977,0.40638681373081026
0.223,0.3710654155685528,0.4059345844314472
0.22311942144491623,0.371,0.40588057855508375
0.224,0.3705176448679159,0.40548235513208414
0.22494500284026508,0.37,0.4050549971597349
0.225,0.36996987416727894,0.4050301258327211
0.226,0.36942210346664195,0.4045778965333581
0.22677058423561383,0.369,0.4042294157643862
0.227,0.368874332766005,0.404125667233995
0.228,0.36832656206536807,0.40367343793463195
0.22859616563096272,0.368,0.40340383436903726
0.229,0.3677787913647312,0.40322120863526884
0.23,0.36723102066409424,0.4027689793359058
0.23042174702631155,0.367,0.40257825297368843
0.231,0.36668324996345725,0.40231675003654277
0.232,0.3661354792628203,0.4018645207371797
0.23224732842166038,0.366,0.4017526715783396
0.233,0.36558770856218337,0.40141229143781665
0.234,0.3650399378615465,0.40096006213845353
0.2340729098170093,0.365,0.40092709018299066
0.235,0.3644921671609095,0.4005078328390905
0.23589849121235804,0.364,0.40010150878764195
0.236,0.36394439646027255,0.40005560353972747
0.237,0.3633966257596356,0.3996033742403644
0.23772407260770687,0.363,0.3992759273922931
0.238,0.36284885505899866,0.39915114494100135
0.239,0.3623010843583617,0.3986989156416383
0.23954965400305575,0.362,0.3984503459969443
0.24,0.3617533136577248,0.3982466863422752
0.241,0.36120554295708784,0.39779445704291216
0.24137523539840458,0.361,0.39762476460159546
0.242,0.3606577722564509,0.3973422277435491
0.243,0.36011000155581396,0.39688999844418604
0.24320081679375338,0.36,0.39679918320624663
0.244,0.359562230855177,0.396437769144823
0.245,0.3590144601545401,0.3959855398454599
0.2450263981891023,0.359,0.3959736018108977
0.246,0.35846668945390314,0.39553331054609686
0.24685197958445104,0.358,0.395148020415549
0.247,0.35791891875326615,0.39508108124673386
0.248,0.3573711480526292,0.3946288519473708
0.24867756097979987,0.357,0.39432243902020014
0.249,0.35682337735199227,0.39417662264800774
0.25,0.3562756066513554,0.3937243933486446
0.2505031423751488,0.356,0.3934968576248512
0.251,0.35572783595071844,0.39327216404928156
0.252,0.3551800652500815,0.3928199347499185
0.25232872377049764,0.355,0.3926712762295024
0.253,0.35463229454944456,0.39236770545055544
0.254,0.35408452384880756,0.39191547615119243
0.2541543051658464,0.354,0.39184569483415366
0.255,0.3535367531481706,0.39146324685182937
0.2559798865611953,0.353,0.3910201134388047
0.256,0.3529889824475337,0.3910110175524663
0.257,0.35244121174689674,0.39055878825310325
0.2578054679565441,0.352,0.390194532043456
0.258,0.3518934410462598,0.3901065589537402
0.259,0.35134567034562286,0.38965432965437713
0.25963104935189296,0.351,0.38936895064810706
0.26,0.3507978996449859,0.38920210035501407
0.261,0.350250128944349,0.388749871055651
0.26145663074724185,0.35,0.3885433692527581
0.262,0.34970235824371204,0.38829764175628795
0.263,0.3491545875430751,0.3878454124569249
0.2632822121425906,0.349,0.3877177878574094
0.264,0.34860681684243816,0.3873931831575618
0.265,0.34805904614180116,0.3869409538581988
0.26510779353793945,0.348,0.3868922064620606
0.266,0.3475112754411642,0.38648872455883576
0.2669333749332883,0.347,0.38606662506671174
0.267,0.3469635047405273,0.3860364952594727
0.268,0.34641573403989034,0.38558426596010964
0.26875895632863717,0.346,0.3852410436713628
0.269,0.3458679633392534,0.3851320366607466
0.27,0.34532019263861646,0.3846798073613835
0.270584537723986,0.345,0.3844154622760141
0.271,0.3447724219379795,0.38422757806202046
0.272,0.3442246512373426,0.3837753487626574
0.2724101191193348,0.344,0.38358988088066515
0.273,0.3436768805367057,0.3833231194632943
0.274,0.34312910983606876,0.3828708901639312
0.2742357005146836,0.343,0.3827642994853164
0.275,0.34258133913543176,0.3824186608645682
0.276,0.3420335684347948,0.38196643156520516
0.2760612819100324,0.342,0.38193871808996765
0.277,0.3414857977341579,0.3815142022658421
0.27788686330538126,0.341,0.3811131366946187
0.278,0.34093802703352094,0.38106197296647903
0.279,0.340390256332884,0.380609743667116
0.2797124447007301,0.34,0.3802875552992699
0.28,0.33984248563224706,0.3801575143677529
0.281,0.3392947149316101,0.37970528506838985
0.2815380260960789,0.339,0.37946197390392106
0.282,0.3387469442309732,0.3792530557690268
0.283,0.3381991735303363,0.3788008264696638
0.2833636074914278,0.338,0.3786363925085721
0.284,0.3376514028296993,0.37834859717030067
0.285,0.3371036321290624,0.37789636787093767
0.28518918888677663,0.337,0.3778108111132234
0.286,0.33655586142842536,0.3774441385715746
0.287,0.33600809072778853,0.37699190927221155
0.28701477028212546,0.336,0.37698522971787446
0.288,0.33546032002715154,0.37653967997284843
0.2888403516774743,0.335,0.37615964832252574
0.289,0.33491254932651465,0.3760874506734854
0.29,0.33436477862587766,0.3756352213741223
0.2906659330728232,0.334,0.3753340669271768
0.291,0.33381700792524077,0.3751829920747593
0.292,0.3332692372246037,0.37473076277539624
0.29249151446817195,0.333,0.3745084855318281
0.293,0.33272146652396684,0.37427853347603324
0.294,0.3321736958233299,0.37382630417667007
0.29431709586352084,0.332,0.37368290413647914
0.295,0.33162592512269295,0.3733740748773071
0.296,0.33107815442205596,0.372921845577944
0.29614267725886956,0.331,0.3728573227411304
0.297,0.3305303837214191,0.372469616278581
0.2979682586542184,0.33,0.3720317413457816
0.298,0.3299826130207821,0.3720173869792179
0.299,0.3294348423201452,0.3715651576798549
0.2997938400495673,0.329,0.37120615995043277
0.3,0.3288870716195082,0.37111292838049176
0.301,0.3283393009188713,0.37066069908112875
0.30161942144491616,0.328,0.37038057855508383
0.302,0.3277915302182343,0.37020846978176564
0.303,0.32724375951759743,0.36975624048240263
0.30344500284026504,0.327,0.3695549971597349
0.304,0.32669598881696044,0.3693040111830395
0.305,0.32614821811632355,0.3688517818836765
0.3052705842356138,0.326,0.36872941576438617
0.306,0.32560044741568656,0.3683995525843134
0.307,0.32505267671504967,0.3679473232849504
0.3070961656309627,0.325,0.36790383436903723
0.308,0.3245049060144126,0.36749509398558733
0.3089217470263115,0.324,0.3670782529736885
0.309,0.32395713531377573,0.3670428646862243
0.31,0.3234093646131388,0.36659063538686115
0.31074732842166036,0.323,0.3662526715783396
0.311,0.32286159391250185,0.3661384060874982
0.312,0.32231382321186486,0.3656861767881351
0.31257290981700914,0.322,0.36542709018299085
0.313,0.321766052511228,0.3652339474887721
0.314,0.321218281810591,0.36478171818940897
0.314398491212358,0.321,0.3646015087876419
0.315,0.3206705111099541,0.36432948889004596
0.316,0.3201227404093171,0.36387725959068284
0.31622407260770685,0.32,0.3637759273922932
0.317,0.3195749697086802,0.36342503029131984
0.318,0.3190271990080432,0.3629728009919567
0.3180496540030556,0.319,0.36295034599694437
0.319,0.31847942830740633,0.3625205716925937
0.3198752353984045,0.318,0.36212476460159554
0.32,0.31793165760676934,0.3620683423932306
0.321,0.31738388690613245,0.3616161130938676
0.32170081679375334,0.317,0.3612991832062466
0.322,0.31683611620549545,0.3611638837945045
0.323,0.31628834550485857,0.3607116544951415
0.32352639818910217,0.316,0.3604736018108979
0.324,0.3157405748042216,0.36025942519577836
0.325,0.31519280410358463,0.3598071958964154
0.325351979584451,0.315,0.35964802041554894
0.326,0.31464503340294764,0.3593549665970523
0.327,0.3140972627023108,0.35890273729768923
0.32717756097979994,0.314,0.3588224390202
0.328,0.3135494920016738,0.3584505079983261
0.329,0.31300172130103693,0.3579982786989631
0.3290031423751488,0.313,0.3579968576248512
0.33,0.3124539506003999,0.35754604939960005
0.3308287237704976,0.312,0.35717127622950234
0.331,0.311906179899763,0.35709382010023705
0.332,0.311358409199126,0.35664159080087393
0.33265430516584643,0.311,0.3563456948341536
0.333,0.3108106384984891,0.3561893615015109
0.334,0.3102628677978521,0.3557371322021478
0.3344798865611952,0.31,0.3555201134388048
0.335,0.30971509709721523,0.3552849029027848
0.336,0.30916732639657823,0.3548326736034217
0.33630546795654404,0.309,0.35469453204345597
0.337,0.30861955569594135,0.3543804443040587
0.338,0.30807178499530435,0.35392821500469557
0.3381310493518928,0.308,0.35386895064810725
0.339,0.30752401429466747,0.35347598570533256
0.33995663074724175,0.307,0.3530433692527583
0.34,0.3069762435940305,0.35302375640596945
0.341,0.3064284728933936,0.35257152710660644
0.34178221214259064,0.306,0.35221778785740937
0.342,0.3058807021927566,0.3521192978072433
0.343,0.3053329314921197,0.3516670685078803
0.34360779353793947,0.305,0.35139220646206054
0.344,0.30478516079148277,0.35121483920851726
0.345,0.3042373900908458,0.3507626099091542
0.3454333749332883,0.304,0.3505666250667117
0.346,0.3036896193902089,0.35031038060979114
0.347,0.30314184868957195,0.3498581513104281
0.3472589563286371,0.303,0.3497410436713629
0.348,0.30259407798893495,0.3494059220110651
0.349,0.302046307288298,0.348953692711702
0.34908453772398595,0.302,0.34891546227601405
0.35,0.30149853658766107,0.34850146341233895
0.3509101191193348,0.301,0.3480898808806652
0.351,0.30095076588702413,0.3480492341129759
0.352,0.3004029951863872,0.34759700481361283
0.3527357005146836,0.3,0.3472642994853164
0.353,0.29985522448575025,0.34714477551424977
0.354,0.2993074537851133,0.3466925462148867
0.35456128191003244,0.299,0.34643871808996757
0.355,0.29875968308447637,0.34624031691552365
0.356,0.29821191238383943,0.3457880876161606
0.35638686330538133,0.298,0.34561313669461874
0.357,0.2976641416832025,0.34533585831679753
0.358,0.29711637098256555,0.34488362901743447
0.3582124447007301,0.297,0.3447875552992699
0.359,0.2965686002819286,0.3444313997180714
0.36,0.29602082958129167,0.34397917041870835
0.360038026096079,0.296,0.3439619739039211
0.361,0.2954730588806547,0.3435269411193453
0.3618636074914278,0.295,0.34313639250857214
0.362,0.2949252881800178,0.3430747118199822
0.363,0.2943775174793808,0.3426224825206192
0.36368918888677665,0.294,0.3423108111132234
0.364,0.2938297467787439,0.3421702532212561
0.365,0.29328197607810697,0.34171802392189304
0.3655147702821255,0.293,0.3414852297178745
0.366,0.29273420537746997,0.34126579462253004
0.367,0.2921864346768331,0.3408135653231669
0.3673403516774743,0.292,0.34065964832252577
0.368,0.2916386639761961,0.3403613360238039
0.369,0.29109089327555915,0.33990910672444086
0.36916593307282314,0.291,0.3398340669271768
0.37,0.2905431225749222,0.3394568774250778
0.370991514468172,0.29,0.339008485531828
0.371,0.2899953518742853,0.3390046481257147
0.372,0.2894475811736484,0.3385524188263516
0.37281709586352085,0.289,0.33818290413647917
0.373,0.2888998104730114,0.3381001895269886
0.374,0.28835203977237445,0.33764796022762555
0.3746426772588697,0.288,0.33735732274113034
0.375,0.2878042690717375,0.3371957309282625
0.376,0.28725649837110057,0.33674350162889943
0.3764682586542185,0.287,0.3365317413457815
0.377,0.2867087276704636,0.3362912723295364
0.378,0.2861609569698267,0.3358390430301733
0.37829384004956734,0.286,0.3357061599504327
0.379,0.28561318626918974,0.33538681373081025
0.38,0.2850654155685528,0.3349345844314472
0.38011942144491623,0.285,0.33488057855508385
0.381,0.28451764486791586,0.33448235513208413
0.3819450028402651,0.284,0.3340549971597349
0.382,0.2839698741672789,0.33403012583272107
0.383,0.283422103466642,0.333577896533358
0.3837705842356139,0.283,0.3332294157643862
0.384,0.282874332766005,0.333125667233995
0.385,0.2823265620653681,0.3326734379346319
0.3855961656309627,0.282,0.33240383436903725
0.386,0.28177879136473116,0.3322212086352688
0.387,0.2812310206640942,0.33176897933590577
0.38742174702631144,0.281,0.3315782529736885
0.388,0.2806832499634572,0.33131675003654276
0.389,0.2801354792628203,0.3308645207371797
0.38924732842166027,0.28,0.33075267157833976
0.39,0.27958770856218335,0.33041229143781664
0.391,0.2790399378615464,0.3299600621384536
0.39107290981700915,0.279,0.3299270901829908
0.392,0.27849216716090947,0.3295078328390905
0.392898491212358,0.278,0.329101508787642
0.393,0.2779443964602725,0.32905560353972746
0.394,0.2773966257596356,0.3286033742403644
0.3947240726077068,0.277,0.32827592739229317
0.395,0.27684885505899864,0.32815114494100134
0.396,0.2763010843583617,0.3276989156416383
0.39654965400305564,0.276,0.32745034599694434
0.397,0.27575331365772476,0.3272466863422752
0.398,0.2752055429570878,0.32679445704291216
0.39837523539840447,0.275,0.3266247646015955
0.399,0.2746577722564509,0.3263422277435491
0.4,0.27411000155581394,0.32588999844418604
0.4002008167937533,0.274,0.3257991832062467
0.401,0.273562230855177,0.325437769144823
0.402,0.27301446015454006,0.3249855398454599
0.40202639818910213,0.273,0.32497360181089785
0.403,0.2724666894539031,0.32453331054609685
0.403851979584451,0.272,0.3241480204155489
0.404,0.2719189187532662,0.3240810812467338
0.405,0.27137114805262924,0.32362885194737073
0.40567756097979984,0.271,0.3233224390202002
0.406,0.2708233773519923,0.32317662264800767
0.407,0.27027560665135536,0.3227243933486446
0.4075031423751487,0.27,0.32249685762485125
0.408,0.2697278359507184,0.32227216404928166
0.409,0.2691800652500815,0.3218199347499185
0.4093287237704975,0.269,0.32167127622950253
0.41,0.26863229454944454,0.32136770545055554
0.411,0.26808452384880754,0.3209154761511924
0.4111543051658463,0.268,0.3208456948341537
0.412,0.26753675314817066,0.3204632468518294
0.41297988656119516,0.267,0.3200201134388049
0.413,0.26698898244753366,0.3200110175524663
0.414,0.2664412117468968,0.3195587882531033
0.414805467956544,0.266,0.31919453204345594
0.415,0.2658934410462598,0.3191065589537402
0.416,0.2653456703456229,0.3186543296543772
0.4166310493518929,0.265,0.3183689506481071
0.417,0.2647978996449859,0.31820210035501406
0.418,0.264250128944349,0.31774987105565106
0.4184566307472417,0.264,0.3175433692527583
0.419,0.263702358243712,0.31729764175628794
0.42,0.26315458754307514,0.31684541245692494
0.4202822121425906,0.263,0.31671778785740934
0.421,0.26260681684243814,0.3163931831575618
0.422,0.26205904614180126,0.3159409538581988
0.4221077935379394,0.262,0.3158922064620606
0.423,0.26151127544116426,0.3154887245588357
0.42393337493328825,0.261,0.3150666250667117
0.424,0.2609635047405273,0.31503649525947275
0.425,0.2604157340398904,0.3145842659601096
0.42575895632863714,0.26,0.31424104367136285
0.426,0.2598679633392535,0.31413203666074657
0.427,0.25932019263861644,0.3136798073613835
0.4275845377239859,0.259,0.313415462276014
0.428,0.2587724219379796,0.31322757806202045
0.429,0.25822465123734256,0.3127753487626574
0.42941011911933474,0.258,0.3125898808806653
0.43,0.2576768805367057,0.3123231194632944
0.431,0.2571291098360687,0.31187089016393127
0.4312357005146836,0.257,0.31176429948531637
0.432,0.25658133913543185,0.3114186608645682
0.433,0.2560335684347948,0.31096643156520515
0.43306128191003235,0.256,0.31093871808996765
0.434,0.2554857977341579,0.31051420226584214
0.43488686330538123,0.255,0.3101131366946187
0.435,0.2549380270335209,0.310061972966479
0.436,0.25439025633288403,0.309609743667116
0.43671244470073006,0.254,0.30928755529927
0.437,0.25384248563224704,0.3091575143677529
0.438,0.25329471493161015,0.3087052850683899
0.43853802609607895,0.253,0.30846197390392105
0.439,0.25274694423097316,0.3082530557690268
0.44,0.2521991735303363,0.3078008264696638
0.44036360749142783,0.252,0.3076363925085721
0.441,0.2516514028296993,0.30734859717030066
0.442,0.2511036321290624,0.30689636787093766
0.44218918888677666,0.251,0.3068108111132234
0.443,0.2505558614284254,0.30644413857157454
0.444,0.2500080907277885,0.30599190927221154
0.4440147702821255,0.25,0.30598522971787445
0.445,0.2494603200271515,0.3055396799728485
0.4458403516774743,0.249,0.30515964832252573
0.446,0.2489125493265146,0.3050874506734854
0.447,0.2483647786258776,0.30463522137412236
0.44766593307282315,0.248,0.3043340669271768
0.448,0.2478170079252407,0.30418299207475935
0.449,0.2472692372246037,0.30373076277539623
0.449491514468172,0.247,0.3035084855318281
0.45,0.24672146652396684,0.3032785334760332
0.451,0.24617369582332985,0.3028263041766701
0.4513170958635208,0.246,0.30268290413647914
0.452,0.24562592512269296,0.30237407487730705
0.453,0.24507815442205594,0.301921845577944
0.4531426772588696,0.245,0.3018573227411304
0.454,0.24453038372141905,0.301469616278581
0.45496825865421847,0.244,0.3010317413457815
0.455,0.24398261302078206,0.30101738697921787
0.456,0.24343484232014517,0.30056515767985487
0.4567938400495673,0.243,0.30020615995043276
0.457,0.24288707161950818,0.30011292838049175
0.458,0.24233930091887126,0.2996606990811288
0.45861942144491613,0.242,0.2993805785550838
0.459,0.2417915302182343,0.29920846978176563
0.46,0.2412437595175974,0.2987562404824026
0.460445002840265,0.241,0.298554997159735
0.461,0.24069598881696042,0.2983040111830395
0.462,0.2401482181163235,0.29785178188367656
0.46227058423561385,0.24,0.29772941576438616
0.463,0.2396004474156865,0.2973995525843134
0.464,0.23905267671504962,0.29694732328495044
0.46409616563096273,0.239,0.2969038343690372
0.465,0.23850490601441263,0.29649509398558727
0.4659217470263116,0.238,0.2960782529736884
0.466,0.23795713531377574,0.2960428646862243
0.467,0.23740936461313872,0.2955906353868612
0.46774732842166034,0.237,0.2952526715783397
0.468,0.23686159391250183,0.2951384060874982
0.469,0.23631382321186492,0.29468617678813513
0.4695729098170092,0.236,0.29442709018299085
0.47,0.23576605251122798,0.2942339474887721
0.471,0.23521828181059104,0.293781718189409
0.47139849121235805,0.235,0.2936015087876419
0.472,0.2346705111099541,0.29332948889004595
0.473,0.23412274040931713,0.2928772595906829
0.4732240726077068,0.234,0.2927759273922932
0.474,0.2335749697086802,0.29242503029131983
0.475,0.23302719900804325,0.29197280099195677
0.47504965400305565,0.233,0.29195034599694436
0.476,0.23247942830740634,0.2915205716925937
0.47687523539840454,0.232,0.29112476460159553
0.477,0.2319316576067694,0.29106834239323065
0.478,0.23138388690613243,0.2906161130938676
0.47870081679375337,0.231,0.2902991832062466
0.479,0.2308361162054955,0.29016388379450453
0.48,0.23028834550485855,0.28971165449514147
0.4805263981891022,0.23,0.2894736018108979
0.481,0.2297405748042216,0.2892594251957784
0.482,0.22919280410358467,0.28880719589641535
0.4823519795844511,0.229,0.28864802041554893
0.483,0.22864503340294773,0.2883549665970523
0.484,0.22809726270231076,0.2879027372976892
0.48417756097979986,0.228,0.2878224390202002
0.485,0.22754949200167382,0.28745050799832617
0.486,0.2270017213010369,0.2869982786989631
0.48600314237514874,0.227,0.2869968576248513
0.487,0.22645395060039997,0.28654604939960004
0.4878287237704976,0.226,0.28617127622950245
0.488,0.225906179899763,0.286093820100237
0.489,0.22535840919912606,0.2856415908008739
0.48965430516584635,0.225,0.2853456948341536
0.49,0.22481063849848912,0.28518936150151086
0.491,0.22426286779785218,0.2847371322021478
0.49147988656119523,0.224,0.2845201134388048
0.492,0.22371509709721524,0.28428490290278474
0.493,0.2231673263965783,0.2838326736034217
0.4933054679565441,0.223,0.28369453204345596
0.494,0.22261955569594136,0.2833804443040586
0.495,0.22207178499530442,0.28292821500469556
0.4951310493518929,0.222,0.28286895064810713
0.496,0.22152401429466748,0.2824759857053325
0.4969566307472418,0.221,0.2820433692527583
0.497,0.22097624359403054,0.28202375640596944
0.498,0.22042847289339357,0.28157152710660643
0.49878221214259055,0.22,0.2812177878574095
0.499,0.21988070219275663,0.2811192978072434
0.5,0.2193329314921197,0.2806670685078803
0.5006077935379394,0.219,0.28039220646206064
0.501,0.21878516079148275,0.28021483920851725
0.502,0.2182373900908458,0.2797626099091542
0.5024333749332883,0.218,0.2795666250667117
0.503,0.21768961939020884,0.2793103806097912
0.504,0.2171418486895719,0.2788581513104281
0.504258956328637,0.217,0.278741043671363
0.505,0.21659407798893496,0.27840592201106507
0.506,0.21604630728829805,0.27795369271170195
0.506084537723986,0.216,0.27791546227601405
0.507,0.2154985365876611,0.2775014634123389
0.5079101191193348,0.215,0.2770898808806652
0.508,0.21495076588702414,0.2770492341129759
0.509,0.2144029951863872,0.2765970048136128
0.5097357005146836,0.214,0.2762642994853164
0.51,0.21385522448575026,0.27614477551424976
0.511,0.21330745378511332,0.2756925462148867
0.5115612819100325,0.213,0.27543871808996756
0.512,0.21275968308447638,0.27524031691552364
0.513,0.21221191238383944,0.2747880876161606
0.5133868633053813,0.212,0.27461313669461873
0.514,0.2116641416832025,0.2743358583167975
0.515,0.21111637098256553,0.27388362901743446
0.5152124447007301,0.211,0.2737875552992699
0.516,0.2105686002819286,0.2734313997180714
0.517,0.21002082958129165,0.27297917041870834
0.517038026096079,0.21,0.2729619739039211
0.518,0.2094730588806547,0.2725269411193453
0.5188636074914278,0.209,0.27213639250857224
0.519,0.20892528818001777,0.2720747118199822
0.52,0.20837751747938082,0.27162248252061916
0.5206891888867766,0.208,0.2713108111132234
0.521,0.20782974677874388,0.2711702532212561
0.522,0.20728197607810694,0.27071802392189304
0.5225147702821256,0.207,0.2704852297178745
0.523,0.20673420537747,0.27026579462253
0.524,0.20618643467683304,0.2698135653231669
0.5243403516774743,0.206,0.26965964832252576
0.525,0.2056386639761961,0.26936133602380385
0.526,0.20509089327555916,0.2689091067244408
0.5261659330728232,0.205,0.2688340669271768
0.527,0.20454312257492221,0.26845687742507773
0.527991514468172,0.204,0.268008485531828
0.528,0.2039953518742853,0.2680046481257147
0.529,0.20344758117364833,0.2675524188263516
0.5298170958635208,0.203,0.2671829041364792
0.53,0.2028998104730114,0.26710018952698855
0.531,0.20235203977237445,0.2666479602276255
0.5316426772588696,0.202,0.2663573227411304
0.532,0.20180426907173749,0.2661957309282625
0.533,0.20125649837110055,0.2657435016288994
0.5334682586542184,0.201,0.26553174134578156
0.534,0.2007087276704636,0.26529127232953637
0.535,0.20016095696982666,0.2648390430301733
0.5352938400495673,0.2,0.26470615995043273
0.536,0.19961318626918972,0.26438681373081024
0.537,0.19906541556855278,0.2639345844314472
0.5371194214449161,0.199,0.2638805785550839
0.538,0.19851764486791582,0.2634823551320842
0.5389450028402649,0.198,0.26305499715973507
0.539,0.19796987416727888,0.2630301258327211
0.54,0.19742210346664193,0.26257789653335806
0.5407705842356137,0.197,0.26222941576438624
0.541,0.196874332766005,0.262125667233995
0.542,0.19632656206536805,0.26167343793463194
0.5425961656309626,0.196,0.2614038343690374
0.543,0.19577879136473111,0.2612212086352689
0.544,0.19523102066409417,0.2607689793359058
0.5444217470263115,0.195,0.2605782529736885
0.545,0.19468324996345723,0.26031675003654275
0.546,0.1941354792628203,0.2598645207371797
0.5462473284216603,0.194,0.25975267157833964
0.547,0.19358770856218335,0.25941229143781663
0.548,0.19303993786154638,0.2589600621384536
0.5480729098170092,0.193,0.2589270901829908
0.549,0.19249216716090947,0.2585078328390905
0.549898491212358,0.192,0.258101508787642
0.55,0.19194439646027253,0.25805560353972745
0.551,0.19139662575963556,0.2576033742403644
0.5517240726077068,0.191,0.25727592739229316
0.552,0.19084885505899862,0.25715114494100133
0.553,0.19030108435836168,0.25669891564163827
0.5535496540030557,0.19,0.25645034599694433
0.554,0.18975331365772474,0.2562466863422752
0.555,0.1892055429570878,0.25579445704291215
0.5553752353984045,0.189,0.2556247646015955
0.556,0.18865777225645086,0.2553422277435491
0.557,0.18811000155581392,0.25488999844418603
0.5572008167937533,0.188,0.25479918320624667
0.558,0.18756223085517698,0.25443776914482297
0.559,0.18701446015454004,0.2539855398454599
0.5590263981891022,0.187,0.25397360181089784
0.56,0.18646668945390307,0.25353331054609685
0.560851979584451,0.186,0.253148020415549
0.561,0.18591891875326613,0.2530810812467338
0.562,0.1853711480526292,0.2526288519473707
0.5626775609797999,0.185,0.2523224390202001
0.563,0.1848233773519923,0.2521766226480078
0.564,0.18427560665135537,0.2517243933486447
0.5645031423751486,0.184,0.25149685762485136
0.565,0.18372783595071843,0.25127216404928165
0.566,0.1831800652500815,0.2508199347499186
0.5663287237704976,0.183,0.2506712762295024
0.567,0.18263229454944455,0.25036770545055553
0.568,0.1820845238488076,0.24991547615119244
0.5681543051658464,0.182,0.2498456948341536
0.569,0.18153675314817067,0.24946324685182938
0.5699798865611952,0.181,0.24902011343880476
0.57,0.18098898244753372,0.24901101755246632
0.571,0.18044121174689678,0.24855878825310326
0.5718054679565441,0.18,0.24819453204345593
0.572,0.17989344104625982,0.24810655895374023
0.573,0.17934567034562288,0.24765432965437717
0.5736310493518929,0.179,0.2473689506481071
0.574,0.17879789964498594,0.2472021003550141
0.575,0.178250128944349,0.24674987105565105
0.5754566307472417,0.178,0.24654336925275827
0.576,0.17770235824371206,0.246297641756288
