'p1','p2','p3'
0.2328213382825312,0.3445,0.42267866171746876
0.2329,0.34443166603096176,0.42266833396903825
0.23293642796483238,0.3444,0.42266357203516763
0.233,0.34434471896791435,0.42265528103208566
0.2330513921367824,0.3443,0.4226486078632176
0.2331,0.34425768902125864,0.4226423109787414
0.23316623110360282,0.3442,0.4226337688963972
0.2332,0.34417057614087365,0.4226294238591264
0.23328094516915718,0.3441,0.4226190548308428
0.2335,0.343908731781063,0.42259126821893694
0.2335099873358841,0.3439,0.4225900126641159
0.2336,0.3438212757144057,0.4225787242855943
0.23362431065785394,0.3438,0.42257568934214607
0.2337,0.34373373651951283,0.42256626348048715
0.23373851047357802,0.3437,0.4225614895264219
0.2338,0.34364611414494517,0.4225538858550548
0.23385258707922812,0.3436,0.4225474129207719
0.2339,0.34355840853901787,0.42254159146098214
0.2339665407696674,0.3435,0.4225334592303326
0.234,0.3434706196498002,0.4225293803501998
0.23408037183845729,0.3434,0.4225196281615427
0.2341,0.3433827474251148,0.4225172525748852
0.23419408057786362,0.3433,0.4225059194221364
0.2342,0.34329479181253725,0.4225052081874628
0.2343,0.3432067468554796,0.42249325314452046
0.23430765780476928,0.3432,0.42249234219523074
0.2344,0.3431186139148768,0.42248138608512326
0.23442110614738995,0.3431,0.42247889385261
0.2345,0.34303039748854236,0.4224696025114577
0.23453443321548392,0.343,0.422465566784516
0.2346,0.34294209752320715,0.4224579024767928
0.2346476392952407,0.3429,0.42245236070475933
0.2347,0.34285371396535297,0.422446286034647
0.23476072467159484,0.3428,0.4224392753284052
0.2348,0.3427652467612111,0.4224347532387889
0.2348736896282313,0.3427,0.4224263103717687
0.2349,0.3426766958567621,0.4224233041432379
0.23498653444759313,0.3426,0.4224134655524069
0.235,0.3425880611977352,0.4224119388022648
0.2350992594108878,0.3425,0.42240074058911214
0.2351,0.3424993427296079,0.4224006572703921
0.2352,0.3424105311409369,0.42238946885906314
0.23521185028444044,0.3424,0.42238814971555955
0.2353,0.34232163511861313,0.4223783648813868
0.23532432113261786,0.3423,0.4223756788673821
0.2354,0.3422326551843897,0.4223673448156102
0.23543667313893993,0.3422,0.4223633268610601
0.2355,0.34214359128288535,0.4223564087171146
0.23554890657881955,0.3421,0.42235109342118043
0.2356,0.34205444335846436,0.4223455566415356
0.23566102172647116,0.342,0.4223389782735288
0.2357,0.3419652113552359,0.4223347886447641
0.23577301885491703,0.3419,0.42232698114508305
0.2358,0.3418758952170538,0.4223241047829462
0.23588489823599337,0.3418,0.42231510176400666
0.2359,0.34178649488751534,0.42231350511248467
0.23599666014035656,0.3417,0.4223033398596434
0.236,0.3416970103099609,0.4223029896900391
0.2361,0.3416074348629301,0.4222925651370699
0.23610829477936085,0.3416,0.4222917052206391
0.2362,0.34151777248150084,0.4222822275184992
0.2362198086015938,0.3415,0.4222801913984061
0.2363,0.34142802574422526,0.4222719742557748
0.23633120592259504,0.3414,0.422268794077405
0.2364,0.3413381945935706,0.42226180540642944
0.23644248700749265,0.3413,0.4222575129925074
0.2365,0.34124827897174465,0.4222517210282554
0.23655365212027046,0.3412,0.42224634787972953
0.2366,0.3411582788206947,0.42224172117930525
0.23666470152377364,0.3411,0.4222352984762264
0.2367,0.34106819408210803,0.42223180591789194
0.23677563547971456,0.341,0.4222243645202854
0.2368,0.34097802469740984,0.42222197530259015
0.23688645424867794,0.3409,0.4222135457513221
0.2369,0.34088777060776304,0.42221222939223696
0.23699715809012797,0.3408,0.422202841909872
0.237,0.3407974317540687,0.42220256824593133
0.2371,0.3407070018629954,0.4221929981370046
0.23710773798136273,0.3407,0.42219226201863724
0.2372,0.34061648487816903,0.422183515121831
0.23721820021605594,0.3406,0.4221817997839441
0.2373,0.3405258830157336,0.4221741169842663
0.23732854845763637,0.3405,0.4221714515423636
0.2374,0.34043519621569945,0.4221648037843005
0.237438782960319,0.3404,0.42216121703968096
0.2375,0.3403444244178111,0.42215557558218886
0.23754890397723047,0.3403,0.4221510960227695
0.2376,0.3402535675615473,0.4221464324384527
0.2376589117604148,0.3402,0.42214108823958524
0.2377,0.3401626255861198,0.42213737441388016
0.23776880656083907,0.3401,0.4221311934391609
0.2378,0.3400715984304732,0.4221284015695268
0.23787858862839822,0.34,0.4221214113716017
0.2379,0.3399804860332834,0.4221195139667166
0.23798825821192146,0.3399,0.42211174178807853
0.238,0.3398892883329582,0.42211071166704184
0.23809781555917658,0.3398,0.42210218444082337
0.2381,0.3397980052676351,0.4221019947323649
0.2382,0.3397066308564852,0.4220933691435148
0.2382072523205628,0.3397,0.42209274767943716
0.2383,0.3396151692449706,0.42208483075502945
0.23831657490446104,0.3396,0.422083425095539
0.2384,0.33952362214842813,0.4220763778515719
0.23842578614358562,0.3395,0.4220742138564143
0.2385,0.33943198950408543,0.42206801049591464
0.23853488628074324,0.3394,0.42206511371925676
0.2386,0.3393402712488974,0.4220597287511026
0.2386438755577107,0.3393,0.4220561244422893
0.2387,0.3392484673195468,0.4220515326804532
0.23875275421524028,0.3392,0.42204724578475966
0.2388,0.33915657765244184,0.42204342234755815
0.23886152249306422,0.3391,0.42203847750693574
0.2389,0.33906460218371653,0.42203539781628346
0.2389701806299002,0.339,0.4220298193700998
0.239,0.33897254084922984,0.42202745915077017
0.23907872886345674,0.3389,0.4220212711365433
0.2391,0.33888039358456473,0.4220196064154353
0.23918716743043697,0.3388,0.422012832569563
0.2392,0.3387881603250273,0.42201183967497274
0.23929549656654533,0.3387,0.42200450343345464
0.2393,0.3386958410056466,0.42200415899435334
0.2394,0.33860343247763963,0.4219965675223603
0.23940371216185422,0.3386,0.4219962878381458
0.2395,0.3385109340975577,0.42198906590244223
0.2395118136716169,0.3385,0.4219881863283831
0.2396,0.33841834953035,0.42198165046964997
0.23961980659778226,0.3384,0.42198019340221776
0.2397,0.338325678710112,0.421974321289888
0.23972769117138581,0.3383,0.4219723088286142
0.2398,0.3382329215706591,0.4219670784293409
0.2398354676224925,0.3382,0.4219645323775075
0.2399,0.33814007804552554,0.42195992195447446
0.2399431361802011,0.3381,0.42195686381979886
0.24,0.338047148067964,0.421952851932036
0.24005069707264937,0.338,0.4219493029273506
0.2401,0.33795413157094456,0.42194586842905546
0.24015815052701875,0.3379,0.4219418494729813
0.2402,0.3378610284871539,0.42193897151284615
0.24026549676953837,0.3378,0.42193450323046167
0.2403,0.3377678387489949,0.42193216125100513
0.24037273602549084,0.3377,0.4219272639745092
0.2404,0.3376745622885854,0.42192543771141466
0.2404798685192162,0.3376,0.4219201314807838
0.2405,0.337581199037758,0.42191880096224205
0.24058689447411652,0.3375,0.42191310552588346
0.2406,0.3374877489280586,0.42191225107194136
0.2406938141126613,0.3374,0.4219061858873387
0.2407,0.33739421189074675,0.4219057881092532
0.2408,0.3373005873250992,0.4218994126749008
0.24080062693321036,0.3373,0.42189937306678965
0.2409,0.3372068705332938,0.4218931294667062
0.24090732688268574,0.3372,0.4218926731173142
0.241,0.33711306667782903,0.421886933322171
0.24101392131459384,0.3371,0.4218860786854061
0.2411,0.3370191756890017,0.4218808243109983
0.2411204104470507,0.337,0.4218795895529493
0.2412,0.33692519749681815,0.4218748025031819
0.24122679449726578,0.3369,0.4218732055027342
0.2413,0.3368311320309941,0.42186886796900597
0.2413330736815456,0.3368,0.42186692631845446
0.2414,0.33673697922095297,0.42186302077904697
0.24143924821529933,0.3367,0.4218607517847006
0.2415,0.3366427389958266,0.42185726100417337
0.24154531831304246,0.3366,0.4218546816869575
0.2416,0.33654841128445256,0.4218515887155474
0.24165128418840076,0.3365,0.4218487158115992
0.2417,0.33645399601537457,0.4218460039846254
0.2417571460541151,0.3364,0.4218428539458849
0.2418,0.3363594931168412,0.4218405068831588
0.2418629041220457,0.3363,0.4218370958779543
0.2419,0.3362649025168056,0.4218350974831944
0.24196855860317623,0.3362,0.42183144139682377
0.242,0.3361702241429239,0.4218297758570761
0.24207410970761822,0.3361,0.42182589029238177
0.2421,0.3360754579225553,0.42182454207744474
0.24217955764461496,0.336,0.421820442355385
0.2422,0.3359806037827603,0.42181939621723974
0.24228490262254604,0.3359,0.42181509737745404
0.2423,0.33588566165030054,0.4218143383496995
0.2423901448489312,0.3358,0.42180985515106884
0.2424,0.33579063145163796,0.4218093685483621
0.24249528453043467,0.3357,0.42180471546956533
0.2425,0.3356955131129335,0.42180448688706657
0.2426,0.3356003062799162,0.42179969372008375
0.242600321508693,0.3356,0.42179967849130695
0.2427,0.33550500713604603,0.42179499286395394
0.24270525113902564,0.3355,0.42179474886097434
0.2428,0.3354096197042844,0.4217903802957156
0.24281007896540147,0.3354,0.4217899210345985
0.2429,0.3353141439097892,0.4217858560902108
0.24291480519050093,0.3353,0.4217851948094991
0.243,0.33521857967741436,0.42178142032258564
0.24301943001617282,0.3352,0.42178056998382724
0.2431,0.33512292693170914,0.4217770730682909
0.24312395364343814,0.3351,0.4217760463565618
0.2432,0.3350271855969166,0.42177281440308345
0.24322837627249355,0.335,0.4217716237275064
0.2433,0.33493135559697357,0.42176864440302647
0.2433326981027161,0.3349,0.42176730189728395
0.2434,0.3348354368555089,0.42176456314449107
0.24343691933266604,0.3348,0.42176308066733403
0.2435,0.3347394292958438,0.4217605707041561
0.24354104016009206,0.3347,0.42175895983990797
0.2436,0.33464333284098996,0.42175666715901
0.24364506078193396,0.3346,0.42175493921806606
0.2437,0.3345471474136485,0.4217528525863515
0.24374898139432669,0.3345,0.4217510186056733
0.2438,0.33445087293621006,0.4217491270637899
0.2438528021926048,0.3344,0.4217471978073953
0.2439,0.3343545093307533,0.4217454906692467
0.2439565233713055,0.3343,0.42174347662869455
0.244,0.3342580565190441,0.4217419434809559
0.24406014512417287,0.3342,0.42173985487582716
0.2441,0.3341615144225348,0.42173848557746524
0.24416366764416125,0.3341,0.4217363323558388
0.2442,0.33406488296236303,0.421735117037637
0.24426709112343944,0.334,0.4217329088765605
0.2443,0.3339681620593512,0.42173183794064883
0.2443704157533939,0.3339,0.4217295842466061
0.2444,0.3338713516340053,0.4217286483659948
0.24447364172463248,0.3338,0.42172635827536753
0.2445,0.3337744516065139,0.42172554839348614
0.24457676922698837,0.3337,0.42172323077301166
0.2446,0.3336774618967477,0.4217225381032523
0.24467979844952367,0.3336,0.4217202015504763
0.2447,0.33358038242425847,0.4217196175757415
0.24478272958053302,0.3335,0.42171727041946694
0.2448,0.3334832131082777,0.42171678689172226
0.2448855628075467,0.3334,0.42171443719245333
0.2449,0.33338595386771613,0.42171404613228386
0.24498829831733474,0.3333,0.4217117016826653
0.245,0.3332886046211626,0.4217113953788374
0.24509093629591022,0.3332,0.42170906370408984
0.2451,0.3331911652868832,0.4217088347131168
0.24519347692853305,0.3331,0.4217065230714669
0.2452,0.3330936357828204,0.4217063642171796
0.24529592039971318,0.333,0.42170407960028683
0.2453,0.33299601602659207,0.42170398397340797
0.24539826689321415,0.3329,0.4217017331067858
0.2454,0.3328983059354903,0.42170169406450964
0.2455,0.33280050495653457,0.4216994950434654
0.245500516023885,0.3328,0.421699483976115
0.2456,0.3327026119837626,0.42169738801623735
0.2456026667450703,0.3327,0.42169733325492964
0.2457,0.3326046285078593,0.42169537149214065
0.24570472114576197,0.3326,0.4216952788542381
0.2458,0.33250655444503946,0.4216934455549605
0.2458066794062601,0.3325,0.4216933205937399
0.2459,0.3324083897111884,0.4216916102888116
0.24590854170613843,0.3324,0.4216914582938616
0.246,0.3323101342218614,0.4216898657781386
0.2460103082242476,0.3323,0.4216896917757524
0.2461,0.33221178789228223,0.4216882121077178
0.24611197913871868,0.3322,0.42168802086128127
0.2462,0.33211335063734243,0.4216866493626576
0.24621355462696623,0.3321,0.42168644537303374
0.2463,0.3320148223716004,0.42168517762839963
0.246315034865692,0.332,0.42168496513430803
0.2464,0.33191620300928015,0.4216837969907199
0.24641642003088768,0.3319,0.4216835799691123
0.2465,0.33181749246427045,0.4216825075357296
0.24651771029783834,0.3318,0.4216822897021617
0.2466,0.33171869065012405,0.4216813093498759
0.24661890584112603,0.3317,0.421681094158874
0.2467,0.33161979748005654,0.4216802025199434
0.24672000683463263,0.3316,0.4216799931653673
0.2468,0.3315208128669453,0.4216791871330547
0.24682101345154325,0.3315,0.4216789865484567
0.2469,0.33142173672332825,0.42167826327667174
0.2469219258643491,0.3314,0.4216780741356509
0.247,0.33132256896140333,0.4216774310385967
0.24702274424485082,0.3313,0.4216772557551492
0.2471,0.33122330949302725,0.42167669050697276
0.2471234687641618,0.3312,0.4216765312358382
0.2472,0.33112395822971447,0.42167604177028556
0.24722409959271127,0.3311,0.4216759004072887
0.2473,0.33102451508263614,0.4216754849173639
0.24732463690024697,0.331,0.421675363099753
0.2474,0.3309249799626188,0.4216750200373811
0.2474250808558388,0.3309,0.42167491914416116
0.2475,0.3308253527801449,0.42167464721985504
0.24752543162788235,0.3308,0.4216745683721177
0.2476,0.3307256334453492,0.42167436655465074
0.2476256893841001,0.3307,0.4216743106158999
0.2477,0.3306258218680196,0.4216741781319804
0.2477258542915463,0.3306,0.42167414570845363
0.2478,0.33052591795759556,0.4216740820424044
0.2478259265166095,0.3305,0.4216740734833905
0.2479,0.33042592162316714,0.42167407837683285
0.2479259062250151,0.3304,0.4216740937749849
0.248,0.33032583277347355,0.42167416722652645
0.24802579358182866,0.3303,0.4216742064181714
0.2481,0.33022565131690274,0.4216743486830973
0.24812558875145918,0.3302,0.4216744112485408
0.2482,0.33012537716149004,0.42167462283851
0.24822529189766157,0.3301,0.4216747081023385
0.2483,0.3300250102149167,0.42167498978508333
0.24832490318353972,0.33,0.42167509681646026
0.2484,0.3299245503845096,0.42167544961549047
0.24842442277154964,0.3299,0.42167557722845034
0.2485,0.32982399757723924,0.4216760024227608
0.24852385082350198,0.3298,0.4216761491764981
0.2486,0.32972335169971967,0.4216766483002804
0.24862318750056545,0.3297,0.42167681249943456
0.2487,0.3296226126582065,0.42167738734179344
0.24872243296326907,0.3296,0.42167756703673087
0.2488,0.32952178035859675,0.42167821964140323
0.2488215873715058,0.3295,0.42167841262849415
0.2489,0.32942085470642657,0.4216791452935734
0.24892065088453463,0.3294,0.42167934911546534
0.249,0.32931983560687095,0.42168016439312905
0.24901962366098374,0.3293,0.4216803763390163
0.2491,0.32921872296474275,0.42168127703525726
0.24911850585885334,0.3292,0.4216814941411467
0.2492,0.32911751668449096,0.42168248331550906
0.2492172976355186,0.3291,0.4216827023644814
0.2493,0.3290162166702,0.42168378332980005
0.2493159991477319,0.329,0.42168400085226815
0.2494,0.32891482282558815,0.4216851771744118
0.24941461055162611,0.3289,0.4216853894483738
0.2495,0.3288133350540077,0.4216866649459922
0.24951313200271782,0.3288,0.42168686799728217
0.2496,0.32871175325844204,0.4216882467415579
0.24961156365590836,0.3287,0.4216884363440916
0.2497,0.3286100773415055,0.4216899226584945
0.24970990566548834,0.3286,0.42169009433451166
0.2498,0.3285083072054423,0.4216916927945577
0.24980815818513938,0.3285,0.42169184181486064
0.2499,0.32840644275212494,0.42169355724787505
0.2499063213679371,0.3284,0.42169367863206286
0.25,0.32830448388305344,0.42169551611694656
0.2500043953663537,0.3283,0.42169560463364625
0.2501,0.32820243049935405,0.42169756950064596
0.25010238033226073,0.3282,0.4216976196677393
0.2502,0.3281002825017779,0.4216997174982221
0.2502002764169317,0.3281,0.42169972358306823
0.25029808175280316,0.328,0.4217019182471969
0.2503,0.32799803790846077,0.42170196209153926
0.25039579812775137,0.3279,0.4217042018722486
0.2504,0.32789569813658626,0.4217043018634138
0.2504934259830621,0.3278,0.4217065740169379
0.2505,0.3277932633565729,0.42170673664342717
0.25059096546803683,0.3277,0.4217090345319632
0.2506,0.3276907334673741,0.42170926653262597
0.2506884167313897,0.3276,0.42171158326861036
0.2507,0.32758810836756097,0.4217118916324391
0.2507857799212502,0.3275,0.4217142200787498
0.2508,0.3274853879553212,0.42171461204467875
0.250883055185166,0.3274,0.421716944814834
0.2509,0.32738257212845867,0.4217174278715413
0.25098024267010516,0.3273,0.4217197573298949
0.251,0.32727966078439075,0.42172033921560925
0.25107734252245884,0.3272,0.4217226574775412
0.2511,0.32717665382014843,0.4217233461798516
0.2511743548880435,0.3271,0.4217256451119565
0.2512,0.3270735511323744,0.4217264488676256
0.25127127991210396,0.327,0.421728720087896
0.2513,0.32697035261732177,0.42172964738267815
0.2513681177393157,0.3269,0.4217318822606843
0.2514,0.3268670581708536,0.42173294182914633
0.25146486851378697,0.3268,0.421735131486213
0.2515,0.3267636676884409,0.42173633231155905
0.2515615323790615,0.3267,0.4217384676209386
0.2516,0.3266601810651612,0.42173981893483875
0.251658109478121,0.3266,0.42174189052187905
0.2517,0.32655659819569816,0.4217434018043018
0.2517545999533879,0.3265,0.4217454000466121
0.2518,0.32645291897433976,0.4217470810256602
0.251851003946727,0.3264,0.421748996053273
0.2519,0.326349143294977,0.421750856705023
0.2519473215994486,0.3263,0.4217526784005515
0.252,0.32624527105110285,0.42175472894889715
0.2520435530523103,0.3262,0.4217564469476897
0.2521,0.32614130213581105,0.42175869786418896
0.2521396984455202,0.3261,0.4217603015544798
0.2522,0.3260372364417944,0.42176276355820563
0.25223575791873837,0.326,0.42176424208126156
0.2523,0.325933073861344,0.421766926138656
0.2523317316110799,0.3259,0.42176826838892006
0.2524,0.3258288142863474,0.42177118571365263
0.25242761966111665,0.3258,0.4217723803388834
0.2525,0.32572445760828783,0.4217755423917122
0.25252342220688007,0.3257,0.42177657779311994
0.2526,0.3256200037182427,0.4217799962817574
0.2526191393858634,0.3256,0.42178086061413655
0.2527,0.3255154525068822,0.4217845474931179
0.2527147713350239,0.3255,0.42178522866497603
0.2528,0.32541080386446775,0.42178919613553223
0.252810318190785,0.3254,0.42178968180921494
0.2529,0.3253060576808518,0.4217939423191482
0.2529057800890392,0.3253,0.42179421991096083
0.253,0.3252012138454748,0.4217987861545252
0.2530011571651493,0.3252,0.42179884283485064
0.2530964459051886,0.3251,0.42180355409481146
0.2531,0.3250962685962241,0.4218037314037759
0.25319164882361567,0.325,0.4218083511763843
0.2532,0.32499122418222776,0.42180877581777226
0.25328676724480875,0.3249,0.4218132327551913
0.2533,0.324886081679451,0.42181391832054893
0.2533818013023752,0.3248,0.4218181986976248
0.2534,0.3247808409753535,0.42181915902464645
0.25347675112940243,0.3247,0.4218232488705975
0.2535,0.3246755019569757,0.42182449804302424
0.25357161685846025,0.3246,0.4218283831415397
0.2536,0.3245700645109372,0.4218299354890628
0.25366639862160345,0.3245,0.42183360137839654
0.2537,0.3244645285234356,0.42183547147656436
0.25376109655037343,0.3244,0.4218389034496266
0.2538,0.32435889388024547,0.4218411061197545
0.25385571077580077,0.3243,0.4218442892241992
0.2539,0.32425316046671615,0.42184683953328383
0.253950241428407,0.3242,0.42184975857159307
0.254,0.3241473281677712,0.4218526718322288
0.2540446886382074,0.3241,0.4218553113617926
0.2541,0.3240413968679065,0.4218586031320935
0.25413905253471264,0.324,0.4218609474652873
0.2542,0.32393536645118914,0.4218646335488109
0.25423333324693104,0.3239,0.4218666667530689
0.2543,0.32382923680125564,0.4218707631987444
0.2543275309033706,0.3238,0.42187246909662945
0.2544,0.32372300780131064,0.4218769921986894
0.25442164563204106,0.3237,0.42187835436795895
0.2545,0.3236166793341258,0.42188332066587425
0.2545156775604563,0.3236,0.42188432243954377
0.2546,0.3235102512820381,0.421889748717962
0.25460962681563637,0.3235,0.4218903731843636
0.2547,0.3234037235269482,0.4218962764730519
0.2547034935241091,0.3234,0.42189650647589094
0.25479727505446037,0.3233,0.42190272494553965
0.2548,0.32329709306965504,0.42190290693034493
0.2548909706753897,0.3232,0.42190902932461033
0.2549,0.32319035887253394,0.42190964112746604
0.25498458405409324,0.3231,0.4219154159459068
0.255,0.32308352450680217,0.42191647549319783
0.25507811531545993,0.323,0.42192188468454
0.2551,0.32297658985225275,0.42192341014774726
0.2551715645838951,0.3229,0.42192843541610486
0.2552,0.32286955478823387,0.42193044521176615
0.25526493198332306,0.3228,0.4219350680166769
0.2553,0.3227624191936469,0.421937580806353
0.25535821763718874,0.3227,0.4219417823628113
0.2554,0.32265518294694623,0.4219448170530537
0.2554514216684598,0.3226,0.4219485783315402
0.2555,0.32254784592613606,0.4219521540738639
0.2555445441996287,0.3225,0.4219554558003713
0.2556,0.3224404080087698,0.4219595919912302
0.2556375853527142,0.3224,0.4219624146472858
0.2557,0.32233286907194836,0.4219671309280516
0.2557305452492642,0.3223,0.42196945475073583
0.2558,0.32222522899231926,0.4219747710076807
0.2558234240103569,0.3222,0.42197657598964305
0.2559,0.32211748764607395,0.42198251235392603
0.2559162217566031,0.3221,0.4219837782433969
0.256,0.32200964490894696,0.42199035509105304
0.25600893860814805,0.322,0.4219910613918519
0.2561,0.32190170065621454,0.42199829934378547
0.25610157468467354,0.3219,0.42199842531532644
0.256194124228368,0.3218,0.42200587577163196
0.2562,0.32179364840033536,0.42200635159966465
0.256286591589129,0.3217,0.422013408410871
0.2563,0.3216854925604999,0.42201450743950014
0.25637897846348046,0.3216,0.42202102153651955
0.2564,0.3215772347142749,0.42202276528572513
0.2564712849695537,0.3215,0.42202871503044637
0.2565,0.32146887473471497,0.4220311252652851
0.25656351122502447,0.3214,0.42203648877497557
0.2566,0.32136041249440656,0.4220395875055935
0.25665565734711465,0.3213,0.42204434265288543
0.2567,0.3212518478654666,0.42204815213453345
0.2567477234525944,0.3212,0.4220522765474057
0.2568,0.32114318071954095,0.42205681928045913
0.2568397096577837,0.3211,0.4220602903422163
0.2569,0.32103441092780205,0.42206558907219793
0.2569316160785544,0.321,0.4220683839214456
0.257,0.32092553836094917,0.4220744616390508
0.25702344283033224,0.3209,0.4220765571696678
0.2571,0.32081656288920424,0.42208343711079577
0.25711519002809824,0.3208,0.4220848099719018
0.2572,0.32070748438231195,0.42209251561768807
0.25720685778639035,0.3207,0.4220931422136096
0.25729844467754864,0.3206,0.4221015553224514
0.2573,0.3205983009926344,0.4221016990073656
0.2573899454820032,0.3205,0.42211005451799677
0.2574,0.32048900662258734,0.4221109933774126
0.2574813671236662,0.3204,0.4221186328763338
0.2575,0.32037960870556614,0.4221203912944338
0.2575727097155909,0.3203,0.42212729028440915
0.2576,0.32027010710899684,0.4221298928910031
0.2576639733703958,0.3202,0.4221360266296042
0.2577,0.3201605016998184,0.42213949830018155
0.25775515820026584,0.3201,0.42214484179973416
0.2578,0.32005079234448003,0.42214920765551994
0.2578462643169543,0.32,0.42215373568304565
0.2579,0.31994097890893985,0.4221590210910601
0.2579372918317845,0.3199,0.4221627081682155
0.258,0.3198310612586632,0.4221689387413368
0.2580282408556517,0.3198,0.42217175914434835
0.2581,0.31972103925862105,0.42217896074137895
0.2581191114990246,0.3197,0.42218088850097535
0.2582,0.31961091277328796,0.42218908722671206
0.2582099038719475,0.3196,0.4221900961280526
0.2583,0.319500681666641,0.42219931833335905
0.2583006180840416,0.3195,0.4221993819159584
0.2583912456431821,0.3194,0.42220875435681793
0.2584,0.3193903359491366,0.42220966405086346
0.25848179458973314,0.3193,0.42221820541026694
0.2585,0.3192798845192326,0.42222011548076743
0.25857226564069075,0.3192,0.4222277343593092
0.2586,0.31916932793419633,0.4222306720658037
0.2586626589042535,0.3191,0.42223734109574645
0.2587,0.31905866605558375,0.4222413339444163
0.25875297448820395,0.319,0.422247025511796
0.2588,0.31894789874444224,0.42225210125555784
0.25884321249991027,0.3189,0.4222567875000897
0.2589,0.31883702586130874,0.42226297413869124
0.25893337304632835,0.3188,0.4222666269536717
0.259,0.31872604726620846,0.42227395273379154
0.25902345623400325,0.3187,0.42227654376599677
0.2591,0.3186149628186525,0.4222850371813475
0.2591134621690705,0.3186,0.4222865378309295
0.2592,0.31850377237763605,0.42229622762236396
0.2592033909572582,0.3185,0.4222966090427418
0.2592932361055188,0.3184,0.4223067638944812
0.2593,0.31839246806433136,0.42230753193566867
0.2593830009443987,0.3183,0.42231699905560127
0.2594,0.3182810534713319,0.422318946528668
0.2594726888925779,0.3182,0.4223273111074221
0.2595,0.31816953233205264,0.4223304676679473
0.2595623000544098,0.3181,0.4223376999455902
0.2596,0.3180579045029779,0.42234209549702206
0.25965183453384727,0.318,0.4223481654661528
0.2597,0.31794616984006535,0.4223538301599346
0.259741292434444,0.3179,0.422358707565556
0.2598,0.3178343281987442,0.4223656718012558
0.2598306738593561,0.3178,0.4223693261406439
0.2599,0.31772237943391307,0.4223776205660869
0.2599199789113438,0.3177,0.42238002108865624
0.26,0.31761032339993794,0.42238967660006205
0.2600092076927723,0.3176,0.42239079230722776
0.26009835871449416,0.3175,0.42240164128550584
0.2601,0.31749815804541465,0.42240184195458536
0.26018742467038436,0.3174,0.4224125753296156
0.2602,0.31738587431765447,0.42241412568234554
0.2602764146040696,0.3173,0.4224235853959304
0.2603,0.31727348275026096,0.42242651724973906
0.2603653286165822,0.3172,0.4224346713834179
0.2604,0.31716098319500463,0.4224390168049954
0.26045416680856637,0.3171,0.42244583319143364
0.2605,0.3170483755031121,0.42245162449688795
0.26054292928028033,0.317,0.42245707071971966
0.2606,0.3169356595252641,0.42246434047473597
0.2606316161315973,0.3169,0.42246838386840263
0.2607,0.31682283511159337,0.4224771648884067
0.2607202274620071,0.3168,0.4224797725379929
0.2608,0.3167099021116826,0.4224900978883175
0.26080876337061776,0.3167,0.42249123662938226
0.26089722127905984,0.3166,0.4225027787209401
0.2609,0.31659685710105295,0.422503142898947
0.2609855954504162,0.3165,0.4225144045495838
0.261,0.31648369275121085,0.42251630724878914
0.26107389444072454,0.3164,0.4225261055592755
0.2611,0.3163704192263535,0.4225295807736465
0.26116211834779934,0.3163,0.42253788165220063
0.2612,0.31625703637337993,0.4225429636266201
0.2612502672690795,0.3162,0.4225497327309205
0.2613,0.31614354403862716,0.42255645596137287
0.26133834130162953,0.3161,0.42256165869837053
0.2614,0.3160299420678677,0.4225700579321322
0.2614263405421415,0.316,0.42257365945785846
0.2615,0.3159162303063089,0.42258376969369105
0.2615142650869364,0.3159,0.42258573491306356
0.2616,0.31580240859858905,0.4225975914014109
0.2616021150319653,0.3158,0.4225978849680347
0.2619,0.31546024047122906,0.4226397595287709
0.2619527255635618,0.3154,0.4226472744364381
0.262,0.3153459623730656,0.4226540376269344
0.2620401920095562,0.3153,0.4226598079904438
0.2621,0.3152315734041809,0.4226684265958191
0.2621275843721439,0.3152,0.4226724156278561
0.2622,0.31511707340527356,0.42268292659472645
0.2622149027449334,0.3151,0.4226850972550666
0.2623,0.3150024622164571,0.4226975377835429
0.262302147221174,0.315,0.42269785277882604
0.26238930771023994,0.3149,0.42271069228976005
0.2624,0.3148877267226254,0.42271227327737465
0.26247639238878984,0.3148,0.42272360761121014
0.2625,0.31477287697630746,0.4227271230236926
0.2625634033978345,0.3147,0.42273659660216545
0.2626,0.31465791541504884,0.4227420845849512
0.26265034082939964,0.3146,0.42274965917060037
0.2627,0.3145428418761014,0.4227571581238987
0.2627372047751574,0.3145,0.4227627952248426
0.2628,0.3144276561961186,0.42277234380388146
0.26282399532642764,0.3144,0.42277600467357235
0.2629,0.3143123582111539,0.4227876417888461
0.26291071257417914,0.3143,0.4227892874258208
0.2629973541003481,0.3142,0.42280264589965194
0.263,0.31419694451341684,0.42280305548658315
0.263083912279892,0.3141,0.422816087720108
0.2631,0.3140814049147999,0.4228185950852001
0.2631703973776412,0.314,0.42282960262235886
0.2632,0.3139657523706271,0.4228342476293729
0.26325680948336827,0.3139,0.4228431905166317
0.2633,0.31384998671401265,0.42285001328598737
0.26334314868649994,0.3138,0.4228568513135001
0.26385961989012297,0.3132,0.42294038010987706
0.2639,0.3131529576589202,0.42294704234107977
0.2639454379355871,0.3131,0.4229545620644129
0.264,0.3130363776994585,0.42296362230054146
0.2640311837344912,0.313,0.4229688162655088
0.2641,0.31291968312008533,0.42298031687991466
0.26411685737339735,0.3129,0.4229831426266026
0.2642,0.31280287374776616,0.42299712625223385
0.26420245893853395,0.3128,0.4229975410614661
0.26428797722664094,0.3127,0.42301202277335914
0.2643,0.3126859342970674,0.4230140657029326
0.2643734212532832,0.3126,0.4230265787467168
0.2644,0.3125688764650649,0.4230311235349351
0.26445879341675177,0.3125,0.4230412065832483
0.2645,0.3124517031646678,0.42304829683533224
0.2645440938021343,0.3124,0.4230559061978657
0.2646,0.31233441421972685,0.4230655857802732
0.2646293224941898,0.3123,0.4230706775058102
0.2647,0.31221700945344294,0.4230829905465571
0.26471447957735095,0.3122,0.4230855204226491
0.2647995647284993,0.3121,0.4231004352715007
0.2648,0.31209948813569943,0.42310051186430064
0.26488456482368766,0.312,0.4231154351763123
0.2649,0.3119818321151485,0.42311816788485146
0.26496949351638666,0.3119,0.42313050648361333
0.265,0.31186405958337726,0.4231359404166227
0.2650543508899078,0.3118,0.42314564911009217
0.2651,0.3117461703603973,0.4231538296396027
0.26513913702724123,0.3117,0.4231608629727588
0.2652,0.3116281642655557,0.42317183573444433
0.2652238520110563,0.3116,0.42317614798894365
0.2653,0.3115100411175319,0.42318995888246813
0.2655619666816232,0.3112,0.4232380333183769
0.2656,0.311154918498132,0.42324508150186796
0.26564631260662763,0.3111,0.4232536873933724
0.2657,0.3110363050116346,0.42326369498836536
0.2657305878241582,0.311,0.42326941217584174
0.2658,0.31091757339481596,0.423282426605184
0.265814792414841,0.3109,0.4232852075851589
0.26589892546170785,0.3108,0.4233010745382921
0.2659,0.3107987220669356,0.4233012779330644
0.26598297424710016,0.3107,0.42331702575289987
0.266,0.3106797328881886,0.42332026711181137
0.2660669526031054,0.3106,0.4233330473968946
0.2661,0.3105606248566499,0.42333937514335007
0.26615086060927257,0.3105,0.4233491393907274
0.2662,0.3104413977836808,0.4233586022163192
0.2662346983448418,0.3104,0.4233653016551582
0.2663,0.3103220514799432,0.42337794852005683
0.26631846588874664,0.3103,0.42338153411125334
0.2664,0.31020258575539716,0.42339741424460287
0.26640216331961414,0.3102,0.42339783668038594
0.26648577757326886,0.3101,0.42341422242673116
0.2665,0.310082981736139,0.423417018263861
0.2665693198263067,0.31,0.4234306801736933
0.2666,0.3099632549084563,0.4234367450915438
0.26665279215904075,0.3099,0.4234472078409593
0.2667,0.30984340791916753,0.42345659208083253
0.26673619464904347,0.3098,0.42346380535095657
0.2668,0.3097234405747802,0.4234765594252199
0.2668195273735862,0.3097,0.42348047262641375
0.2669,0.30960335268108297,0.423496647318917
0.26690279040964,0.3096,0.4234972095903601
0.266985970916258,0.3095,0.423514029083742
0.267,0.3094831254230915,0.4235168745769085
0.2670690792733238,0.3094,0.4235309207266762
0.2671,0.30936277335533974,0.42353722664466026
0.26715211813073597,0.3093,0.42354788186926406
0.2672,0.3092422999814324,0.42355770001856763
0.26723508756442954,0.3092,0.42356491243557043
0.2673,0.3091217051036216,0.42357829489637844
0.2673179876500438,0.3091,0.42358201234995624
0.2674,0.30900098852342317,0.42359901147657675
0.2674008184629237,0.309,0.42359918153707626
0.26748356499890136,0.3089,0.42361643500109863
0.2675,0.30888012800135833,0.4236198719986416
0.26756624162032105,0.3088,0.4236337583796789
0.2676,0.30875914410824185,0.4236408558917581
0.26764884915400594,0.3087,0.42365115084599414
0.2677,0.30863803773943843,0.4236619622605615
0.26773138767428256,0.3086,0.4236686123257174
0.2678,0.3085168086928403,0.42368319130715965
0.2678138572551877,0.3085,0.4236861427448123
0.26789625454354415,0.3084,0.42370374545645584
0.2679,0.3083954516989888,0.4237045483010112
0.2679785703011673,0.3083,0.42372142969883275
0.268,0.30827395271524016,0.4237260472847598
0.2680608173013589,0.3082,0.42373918269864114
0.2681,0.3081523302664707,0.4237476697335293
0.26814299561715155,0.3081,0.4237570043828485
0.2682,0.3080305841468741,0.4237694158531259
0.2682251053212924,0.308,0.4237748946787076
0.2683,0.3079087141498749,0.4237912858501251
0.2683071464862443,0.3079,0.4237928535137557
0.2683891092547234,0.3078,0.4238108907452765
0.2684,0.30778670518126394,0.4238132948187361
0.2684709970639162,0.3077,0.42382900293608383
0.2685,0.3076645619796806,0.4238354380203194
0.26855281651213275,0.3076,0.4238471834878673
0.2686,0.3075422940962398,0.42385770590376026
0.268634567670849,0.3075,0.42386543232915097
0.2687,0.30741990132057506,0.423880098679425
0.26871625061126053,0.3074,0.4238837493887394
0.26879786346170303,0.3073,0.423902136538297
0.2688,0.3072973804953847,0.4239026195046154
0.2688793933986693,0.3072,0.42392060660133074
0.2689,0.30717471178243855,0.42392528821756154
0.2689608552925691,0.3071,0.42393914470743094
0.269,0.30705191735822324,0.42394808264177675
0.269042249213625,0.307,0.42395775078637493
0.2691,0.3069289970085033,0.4239710029914967
0.2691235752317838,0.3069,0.42397642476821623
0.2692,0.306805950518239,0.423994049481761
0.2692048334167173,0.3068,0.4239951665832827
0.26928601116333023,0.3067,0.42401398883666985
0.2693,0.30668275817766555,0.42401724182233447
0.2693671167928152,0.3066,0.4240328832071848
0.2694,0.306559432347774,0.42404056765222603
0.2694481547606902,0.3065,0.42405184523930983
0.2695,0.30643597954024165,0.4240640204597583
0.26952912513567,0.3064,0.42407087486433004
0.2696,0.30631239953606165,0.4240876004639383
0.26961002798619915,0.3063,0.42408997201380083
0.2696908551174674,0.3062,0.4241091448825326
0.2697,0.30618867925873167,0.4241113207412683
0.2697716057493681,0.3061,0.4241283942506319
0.2698,0.30606481706835054,0.4241351829316494
0.26985228902554054,0.306,0.4241477109744594
0.2699,0.3059408268289322,0.42415917317106777
0.2699329050134853,0.3059,0.42416709498651467
0.27,0.3058167083174183,0.4241832916825817
0.27001345378043623,0.3058,0.4241865462195638
0.27009392992361836,0.3057,0.4242060700763816
0.2701,0.30569245270009704,0.42420754729990295
0.27017432680197445,0.3056,0.4242256731980255
0.2702,0.30556804910250956,0.42423195089749044
0.2702546566252016,0.3055,0.42424534337479847
0.2703,0.30544351636481076,0.42425648363518925
0.27033491945960253,0.3054,0.42426508054039747
0.2704,0.30531885425980493,0.4242811457401951
0.2704151153712175,0.3053,0.42428488462878244
0.270495240148382,0.3052,0.424304759851618
0.2705,0.305194055747691,0.42430594425230905
0.2705752844947178,0.3051,0.4243247155052822
0.2706,0.3050691056022295,0.42433089439777055
0.27065526208130936,0.305,0.4243447379186906
0.2707,0.30494402520547664,0.4243559747945234
0.2707351729732784,0.3049,0.42436482702672157
0.2708,0.30481881432601143,0.42438118567398864
0.2708150172354879,0.3048,0.42438498276451203
0.27089479026349106,0.3047,0.4244052097365089
0.2709,0.304693465209021,0.42440653479097906
0.27097448327708534,0.3046,0.42442551672291473
0.271,0.3045679632789621,0.4244320367210379
0.2710541098211728,0.3045,0.4244458901788273
0.2711,0.30444232996588655,0.42445767003411344
0.27113366995970994,0.3044,0.42446633004029
0.2712,0.30431656503405674,0.42448343496594326
0.2712131637563986,0.3043,0.4244868362436014
0.271292584646863,0.3042,0.42450741535313696
0.2713,0.304190657442999,0.424509342557001
0.271371927505015,0.3041,0.424528072494985
0.2714,0.3040645983934021,0.4245354016065979
0.27145120417881496,0.304,0.42454879582118504
0.2715,0.3039384068080648,0.42456159319193515
0.27153041473107103,0.3039,0.4245695852689289
0.2716,0.30381208244684055,0.4245879175531594
0.27160955922433927,0.3038,0.4245904407756607
0.27168862758363205,0.3037,0.42461137241636787
0.272,0.3033053421614966,0.42469465783850335
0.2720042078379491,0.3033,0.4246957921620509
0.2720829232671603,0.3032,0.42471707673283965
0.2721,0.30317829335850005,0.42472170664149994
0.27216156925969925,0.3031,0.42473843074030077
0.2722,0.3030511036609509,0.4247488963390491
0.2722401496232071,0.303,0.4247598503767929
0.2723,0.30292377905735035,0.42477622094264966
0.2723186644182397,0.3029,0.4247813355817603
0.2723971111419065,0.3028,0.4248028888580934
0.2724,0.30279631498135534,0.4248036850186447
0.2724754758000307,0.3027,0.42482452419996924
0.2725,0.3026686874192032,0.4248313125807968
0.27255377503972034,0.3026,0.4248462249602797
0.2726,0.3025409239854345,0.4248590760145656
0.27263200892066947,0.3025,0.4248679910793305
0.2727,0.30241302442705803,0.424886975572942
0.27271017750233084,0.3024,0.42488982249766916
0.2727882704643648,0.3023,0.42491172953563516
0.2728,0.302284970800805,0.42491502919919505
0.27286628919502054,0.3022,0.42493371080497944
0.2729,0.30215676498845306,0.424943235011547
0.2729442427737928,0.3021,0.4249557572262072
0.273,0.3020284220677805,0.42497157793221946
0.2730221312592834,0.302,0.4249778687407167
0.27309995466982157,0.3019,0.4250000453301784
0.2731,0.3018999417121418,0.4250000582878582
0.2731776934968789,0.3018,0.42502230650312106
0.2732,0.30177128991897945,0.42502871008102056
0.2732553673760575,0.3017,0.4250446326239425
0.2733,0.3016425000191094,0.4250574999808906
0.273332976365117,0.3016,0.425067023634883
0.2734,0.30151357175086735,0.4250864282491327
0.27371997962921707,0.3011,0.4251800203707829
0.27379717802169334,0.301,0.42520282197830667
0.2738,0.30099634199980474,0.4252036580001952
0.2738742942725097,0.3009,0.42522570572749036
0.2739,0.30086664706943766,0.4252333529305623
0.2739513460311007,0.3008,0.42524865396889927
0.274,0.3007368117208425,0.4252631882791575
0.2740283333533358,0.3007,0.4252716666466642
0.2741,0.30060683568332935,0.42529316431667064
0.27410525629485577,0.3006,0.4252947437051442
0.2741820992149098,0.3005,0.42531790078509024
0.2742,0.3004766907757126,0.4253233092242874
0.2742588732212302,0.3004,0.4253411267787698
0.2743,0.30034639621435655,0.42535360378564346
0.27433558298515964,0.3003,0.4253644170148403
0.2744,0.30021595991182504,0.425384040088175
0.27441222856152586,0.3002,0.42538777143847417
0.27448880020327515,0.3001,0.42541119979672487
0.2745,0.3000853639992087,0.4254146360007913
0.2745652970205966,0.3,0.4254347029794034
0.2746,0.2999546063656423,0.42544539363435774
0.27464172978675444,0.2999,0.4254582702132455
0.2747,0.29982370592271107,0.425476294077289
0.27471809855577123,0.2998,0.42548190144422876
0.2747943984885679,0.2997,0.4255056015114321
0.2748,0.2996926535248906,0.42550734647510946
0.27487061867122065,0.2996,0.4255293813287794
0.2749,0.29956142889997456,0.4255385711000255
0.2749467749912228,0.2995,0.42555322500877724
0.275,0.2994300603812758,0.4255699396187242
0.2750228675017999,0.2994,0.4255771324982002
0.2750988952928414,0.2993,0.4256011047071585
0.2751,0.299298545922772,0.425601454077228
0.2751748393862822,0.2992,0.4256251606137178
0.2752,0.2991668503265304,0.4256331496734696
0.2752507198028951,0.2991,0.42564928019710496
0.2753,0.299035009735557,0.425664990264443
0.27532653659511586,0.299,0.42567346340488416
0.2754,0.29890302386111245,0.4256969761388876
0.2754022898151618,0.2989,0.4256977101848382
0.2754779603503094,0.2988,0.4257220396496905
0.2755,0.29877085693404826,0.42572914306595167
0.275553565397516,0.2987,0.4257464346024839
0.2756,0.29863854021197045,0.4257614597880295
0.2756291070027032,0.2986,0.42577089299729676
0.2757,0.29850607708418286,0.4257939229158171
0.2757045852173085,0.2985,0.42579541478269145
0.27577998271936316,0.2984,0.4258200172806368
