p1,p2,p3
0.198,0.05736946601684454,0.7446305339831555
0.196,0.05747929682743813,0.7465207031725619
0.194,0.05759555569357618,0.7484044443064238
0.192,0.057718339333622116,0.7502816606663779
0.19,0.05784774793397535,0.7521522520660247
0.188,0.05798388528986399,0.7540161147101361
0.186,0.058129566167499244,0.7558704338325009
0.184,0.05828268328605483,0.7577173167139453
0.182,0.058443010305506235,0.7595569896944938
0.18,0.058610669337244715,0.7613893306627554
0.178,0.05878578702216615,0.7632142129778339
0.176,0.058968494729544005,0.765031505270456
0.17566576028110084,0.059,0.7653342397188991
0.174,0.0591622643702909,0.7668377356297091
0.172,0.05936472353627203,0.7686352764637281
0.14,0.06403645024315006,0.7959635497568499
0.139,0.06423767373570236,0.7967623262642977
0.138,0.06444212487436755,0.7975578751256325
0.137,0.06464984519303327,0.7983501548069667
0.136,0.06486087717138835,0.7991391228286117
0.13535113024756126,0.065,0.7996488697524387
0.135,0.06507671615597861,0.7999232838440213
0.134,0.06529870225077875,0.8007012977492213
0.133,0.06552419714874604,0.801475802851254
0.132,0.06575324824770588,0.8022467517522941
0.131,0.06598590406118425,0.8030140959388158
0.1309403655043121,0.066,0.803059634495688
0.13,0.06622644650215317,0.8037735534978468
0.129,0.06647103037720374,0.8045289696227963
0.128,0.06671944013853857,0.8052805598614614
0.127,0.06697173007651602,0.806028269923484
0.1268896955784354,0.067,0.8061103044215645
0.126,0.06723224462947065,0.8067677553705294
0.125,0.06749735596673913,0.8075026440332609
0.124,0.0677665914650261,0.8082334085349739
0.12314637447657352,0.068,0.8088536255234264
0.123,0.06804075608508837,0.8089592439149116
0.122,0.0683235856458779,0.8096764143541221
0.121,0.06861080346619212,0.8103891965338079
0.12,0.06890247635288896,0.8110975236471111
0.11967081048155889,0.069,0.8113291895184411
0.119,0.0692023239337561,0.8117976760662439
0.118,0.06950863900739652,0.8124913609926034
0.117,0.06981970212657415,0.8131802978734258
0.11642930364327629,0.07,0.8135706963567237
0.116,0.07013805247591048,0.8138619475240896
0.115,0.07046466606794002,0.81453533393206
0.114,0.07079634624511866,0.8152036537548814
0.11339545133088993,0.071,0.8156045486691101
0.113,0.07113556934142144,0.8158644306585786
0.112,0.0714837783088215,0.8165162216911785
0.111,0.07183740090040354,0.8171625990995964
0.11054731291382734,0.072,0.8174526870861727
0.11,0.07220002239267069,0.8177999776073294
0.109,0.07257122971677658,0.8184287702832235
0.108,0.072948229566065,0.8190517704339351
0.1078648269552235,0.073,0.8191351730447766
0.107,0.07333694711798695,0.819663052882013
0.106,0.07373267392713005,0.82026732607287
0.10533496894040419,0.074,0.8206650310595959
0.105,0.07413695162578646,0.8208630483742135
0.104,0.07455230967963779,0.8214476903203622
0.103,0.07497420902181111,0.822025790978189
0.10293983720109809,0.075,0.8220601627989019
0.102,0.07540971134108199,0.822590288658918
0.101,0.07585255608186228,0.8231474439181378
0.10067232355357576,0.076,0.8233276764464242
0.1,0.07630758998967238,0.8236924100103277
0.099,0.07677241970726914,0.8242275802927309
0.0985181722162736,0.077,0.8244818277837265
0.098,0.07724880426468102,0.824751195735319
0.097,0.07773672301249356,0.8252632769875065
0.0964690195924724,0.078,0.8255309804075276
0.096,0.07823637244042525,0.8257636275595748
0.095,0.07874855417550766,0.8262514458244924
0.09451696718980829,0.079,0.8264830328101918
0.094,0.07927348570837794,0.826726514291622
0.093,0.07981118030361771,0.8271888196963824
0.09265454412456713,0.08,0.827345455875433
0.092,0.08036352282172103,0.827636477178279
0.091,0.0809280627385294,0.8280719372614707
0.09087467242082369,0.081,0.8281253275791763
0.09,0.08151006627994381,0.8284899337200562
0.08917358600588575,0.082,0.8288264139941143
0.089,0.08210453655848818,0.8288954634415119
0.088,0.08271692025852781,0.8292830797414722
0.08754540978909056,0.083,0.8294545902109095
0.087,0.08334495670572557,0.8296550432942744
0.086,0.08398813052120391,0.8300118694787961
0.08598185757641096,0.084,0.8300181424235891
0.085,0.08465234668307046,0.8303476533169296
0.08448555025639214,0.085,0.8305144497436079
0.084,0.08533317756946286,0.8306668224305371
0.08304468613517521,0.086,0.8309553138648248
0.083,0.08603166802957399,0.8309683319704261
0.082,0.08675273615724258,0.8312472638427575
0.08166298009246682,0.087,0.8313370199075332
0.081,0.08749378130092787,0.8315062186990722
0.08033207416836166,0.088,0.8316679258316384
0.08,0.08825545996995583,0.8317445400300442
0.0790490258821253,0.089,0.8319509741178748
0.079,0.08903895584531266,0.8319610441546874
0.078,0.08984780547209723,0.8321521945279028
0.07781516756811585,0.09,0.8321848324318842
0.077,0.09068115266555891,0.8323188473344412
0.07662521800724091,0.091,0.8323747819927592
0.076,0.09153971537102604,0.832460284628974
0.07547637161263783,0.092,0.8325236283873622
0.075,0.09242484657071824,0.8325751534292818
0.07436676934539986,0.093,0.8326332306546002
0.074,0.09333795014967726,0.8326620498503228
0.07329461240818219,0.094,0.8327053875918179
0.073,0.09428048377063564,0.8327195162293644
0.07225815929880605,0.095,0.832741840701194
0.072,0.0952539619315614,0.8327460380684386
0.07125572299764187,0.096,0.8327442770023582
0.071,0.09625995922115536,0.8327400407788447
0.07028566827948636,0.097,0.8327143317205137
0.07,0.0973001137890285,0.8326998862109715
0.0693464091411892,0.098,0.8326535908588109
0.069,0.09837613104890786,0.8326238689510922
0.06843640633677488,0.099,0.8325635936632252
0.068,0.09948978763502923,0.8325102123649707
0.06755416501223965,0.1,0.8324458349877604
0.067,0.10064293563388953,0.8323570643661106
0.06669823243259854,0.101,0.8323017675674015
0.066,0.10183750711579935,0.8321624928842006
0.06586719579410324,0.102,0.8321328042058967
0.06506091393671351,0.103,0.8319390860632865
0.065,0.10307657768160115,0.8319234223183989
0.06428007709701226,0.104,0.8317199229029878
0.064,0.10436408551968074,0.8316359144803191
0.06352065383359265,0.105,0.8314793461664074
0.063,0.10569996506992069,0.8313000349300794
0.06278136350580452,0.106,0.8312186364941955
0.06206225800929837,0.107,0.8309377419907017
0.062,0.10708773336041569,0.8309122666395843
0.061365947123176924,0.108,0.8306340528768231
0.061,0.1085334567929386,0.8304665432070615
0.06068661465277618,0.109,0.8303133853472239
0.060023593307729266,0.11,0.8299764066922708
0.06,0.11003605435677254,0.8299639456432274
0.05938249729491199,0.111,0.829617502705088
0.059,0.11160483956057173,0.8293951604394283
0.0587554298828706,0.112,0.8292445701171294
0.058144450007672224,0.113,0.8288555499923278
0.058,0.11323949255778704,0.8287605074422129
0.057551203017525934,0.114,0.8284487969824741
0.057,0.11494598257175577,0.8280540174282441
0.05696921345495198,0.115,0.828030786545048
0.056406564008163476,0.116,0.8275934359918365
0.056,0.11673175774740176,0.8272682422525982
0.05585426720129691,0.117,0.8271457327987031
0.05531784355141457,0.118,0.8266821564485854
0.055,0.11860001736095944,0.8263999826390405
0.054792878978292596,0.119,0.8262071210217075
0.054281534969109604,0.12,0.8257184650308904
0.054,0.12055750658547645,0.8254424934145235
0.0537816353786437,0.121,0.8252183646213563
0.05329428286924052,0.122,0.8247057171307595
0.053,0.12261138569535411,0.8243886143046458
0.05281726752894835,0.123,0.8241827324710517
0.052352872608773644,0.124,0.8236471273912264
0.052,0.12476926601830443,0.8232307339816956
0.05189664096730225,0.125,0.8231033590326977
0.05145422047563168,0.126,0.8225457795243684
0.05101715935311772,0.127,0.8219828406468823
0.051,0.12703975164484535,0.8219602483551546
0.05059536451518851,0.128,0.8214046354848115
0.050179066514605804,0.129,0.8208209334853942
0.05,0.12943544764591972,0.8205645523540802
0.04977345593353819,0.13,0.8202265440664618
0.04937704499539692,0.131,0.819622955004603
0.049,0.1319627021190275,0.8190372978809725
0.048985751015743546,0.132,0.8190142489842565
0.0486083919456918,0.133,0.8183916080543082
0.04823554497462401,0.134,0.817764455025376
0.048,0.13463943835346082,0.8173605616465391
0.04787049952814626,0.135,0.8171295004718537
0.04751567829745368,0.136,0.8164843217025463
0.047165081395705855,0.137,0.8158349186042941
0.047,0.13747658693596465,0.8155234130640353
0.04682330367664521,0.138,0.8151766963233548
0.04648977027531424,0.139,0.8145102297246858
0.046160194391341385,0.14,0.8138398056086587
0.046,0.14049195469942072,0.8135080453005792
0.045838841395311476,0.141,0.8131611586046885
0.045525425375420696,0.142,0.8124745746245793
0.04521571912524116,0.143,0.8117842808747588
0.045,0.14370491480474262,0.8112950851952574
0.04491207319859902,0.144,0.811087926801401
0.04461767703823115,0.145,0.8103823229617688
0.04432676027231729,0.146,0.8096732397276827
0.044039279376194146,0.147,0.8089607206238059
0.044,0.14713829418106675,0.8088617058189332
0.043761810776478935,0.148,0.8082381892235211
0.04348866880149573,0.149,0.8075113311985043
0.04321875188557957,0.15,0.8067812481144204
0.043,0.1508201575026746,0.8061798424973253
0.042953342390792286,0.151,0.8060466576092077
0.04269702076810137,0.152,0.8053029792318986
0.042443727555208345,0.153,0.8045562724447917
0.042193427033147615,0.154,0.8038065729668523
0.042,0.15478206001901212,0.8032179399809878
0.041947597858960274,0.155,0.8030524021410397
0.041710042449945126,0.156,0.8022899575500548
0.041475299048247455,0.157,0.8015247009517525
0.041243335567346155,0.158,0.8007566644326538
0.04101412054822971,0.159,0.7999858794517702
0.041,0.1590623565956263,0.7999376434043737
0.040793705931446836,0.16,0.7992062940685531
0.04057630919196392,0.161,0.798423690808036
0.040361497134576055,0.162,0.7976385028654239
0.04014924145118269,0.163,0.7968507585488173
0.04,0.16371164482533118,0.7962883551746688
0.03994128232455901,0.164,0.7960587176754409
0.03974011553562052,0.165,0.7952598844643795
0.039541353912144195,0.166,0.7944586460878558
0.03934497195287632,0.167,0.7936550280471236
0.039150944631771774,0.168,0.7928490553682281
0.039,0.16878744876926555,0.7922125512307344
0.03896046401703154,0.169,0.7920395359829684
0.03877672844121633,0.17,0.7912232715587836
0.03859520965204376,0.171,0.7904047903479562
0.03404817247101984,0.204,0.7619518275289802
0.034,0.20446761255815551,0.7615323874418445
0.03394698622343793,0.205,0.7610530137765621
0.03384880283786471,0.206,0.7601511971621353
0.033751993560146826,0.207,0.7592480064398532
0.03365654789820945,0.208,0.7583434521017905
0.03356245552545772,0.209,0.7574375444745424
0.0334697062777087,0.21,0.7565302937222913
0.03337829015019728,0.211,0.7556217098498027
0.033288197294653564,0.212,0.7547118027053464
0.03319941801645008,0.213,0.7538005819835499
0.03311194277181663,0.214,0.7528880572281834
0.03302576216512099,0.215,0.751974237834879
0.033,0.21530350185599065,0.7516964981440093
0.03294290729493974,0.216,0.7510570927050603
0.03286217462951072,0.217,0.7501378253704893
0.03278266677143733,0.218,0.7492173332285627
0.03270437517417582,0.219,0.7482956248258242
0.03262729142209237,0.22,0.7473727085779076
0.03255140722817987,0.221,0.7464485927718202
0.032476714431827126,0.222,0.7455232855681729
0.03240320499663906,0.223,0.744596795003361
0.03233087100830648,0.224,0.7436691289916936
0.03225970467252426,0.225,0.7427402953274758
0.03218969831295661,0.226,0.7418103016870434
0.032120844369248024,0.227,0.740879155630752
0.03205313539507894,0.228,0.7399468646049211
0.032,0.22879820537336265,0.7392017946266374
0.03198704077530863,0.229,0.7390129592246913
0.03192392234704142,0.23,0.7380760776529586
0.03186188833750761,0.231,0.7371381116624924
0.03180093196587184,0.232,0.7361990680341282
0.03174104655259565,0.233,0.7352589534474043
0.03168222551779451,0.234,0.7343177744822055
0.03162446237963081,0.235,0.7333755376203692
0.03156775075274183,0.236,0.7324322492472581
0.031512084346701774,0.237,0.7314879156532982
0.03145745696451713,0.238,0.7305425430354828
0.03140386250115437,0.239,0.7295961374988457
0.03135129494209946,0.24,0.7286487050579006
0.03129974836194789,0.241,0.7277002516380521
0.031249216923025184,0.242,0.7267507830769748
0.03119969487403646,0.243,0.7258003051259635
0.031151176548744774,0.244,0.7248488234512552
0.031103656364677393,0.245,0.7238963436353226
0.031057128821859268,0.246,0.7229428711781407
0.0310115885015732,0.247,0.7219884114984269
0.031,0.2472601144988645,0.7217398855011354
0.030968235579819967,0.248,0.72103176442018
0.030926247902618643,0.249,0.7200737520973813
0.03088519682651966,0.25,0.7191148031734803
0.030845077412909577,0.251,0.7181549225870905
0.030805884795883243,0.252,0.7171941152041168
0.03076761418118806,0.253,0.716232385818812
0.03073026084519014,0.254,0.7152697391548098
0.03069382013386146,0.255,0.7143061798661385
0.030658287461787982,0.256,0.713341712538212
0.03062365831119789,0.257,0.7123763416888022
0.030589928231009637,0.258,0.7114100717689904
0.030557092835899403,0.259,0.7104429071641006
0.03052514780538731,0.26,0.7094748521946127
0.030494088882942322,0.261,0.7085059111170576
0.030463911875105047,0.262,0.707536088124895
0.03043461265062827,0.263,0.7065653873493717
0.030406187139634756,0.264,0.7055938128603653
0.030378631332791894,0.265,0.7046213686672081
0.030351941280502937,0.266,0.7036480587194971
0.030326113092114356,0.267,0.7026738869078857
0.03030114293513898,0.268,0.701698857064861
0.030277027034494624,0.269,0.7007229729655053
0.030253761671757803,0.27,0.6997462383282422
0.03023134318443236,0.271,0.6987686568155677
0.03020976796523243,0.272,0.6977902320347675
0.03018903246137968,0.273,0.6968109675386203
0.03016913317391437,0.274,0.6958308668260856
0.030150066657020153,0.275,0.6948499333429798
0.030131829517361857,0.276,0.6938681704826382
0.030114418413436646,0.277,0.6928855815865633
0.030097830054937703,0.278,0.6919021699450623
0.03008206120213054,0.279,0.6909179387978694
0.030067108665241402,0.28,0.6899328913347585
0.030052969303857785,0.281,0.6889470306961422
0.029985606832549933,0.287,0.6830143931674502
0.029969951595775108,0.289,0.6810300484042249
0.029957325756842974,0.291,0.679042674243157
0.029947708711852507,0.293,0.6770522912881476
0.02994108051838023,0.295,0.6750589194816199
0.0299374218812628,0.297,0.6730625781187372
0.029936714138928372,0.299,0.6710632858610717
0.029938939250256404,0.301,0.6690610607497436
0.029944079781946666,0.303,0.6670559202180533
0.029952118896378978,0.305,0.6650478811036211
0.02996304033994612,0.307,0.6630369596600538
0.029976828431843367,0.309,0.6610231715681567
0.029993468053298736,0.311,0.6590065319467013
0.030695256266973513,0.344,0.6253047437330265
0.030728528551809013,0.345,0.6242714714481911
0.030762494661262966,0.346,0.623237505338737
0.030797153830886784,0.347,0.6222028461691133
0.030832505323883007,0.348,0.621167494676117
0.03086854843096971,0.349,0.6201314515690303
0.030905282470248784,0.35,0.6190947175297512
0.03094270678707804,0.351,0.618057293212922
0.030980820753947202,0.352,0.6170191792460528
0.031,0.3524943425738598,0.6165056574261402
0.031020389769723367,0.353,0.6159796102302767
0.03106142352113764,0.354,0.6149385764788624
0.031103173062424792,0.355,0.6138968269375752
0.031145637885003904,0.356,0.6128543621149961
0.031188817508128665,0.357,0.6118111824918714
0.03123271147878549,0.358,0.6107672885212145
0.03127731937159556,0.359,0.6097226806284044
0.03132264078872038,0.36,0.6086773592112796
0.031368675359771184,0.361,0.6076313246402288
0.03141542274172192,0.362,0.6065845772582781
0.031462882618825946,0.363,0.6055371173811741
0.0315110547025363,0.364,0.6044889452974637
0.03155993873142953,0.365,0.6034400612685705
0.03160953447113318,0.366,0.6023904655288669
0.031659841714256676,0.367,0.6013401582857434
0.031710860280325805,0.368,0.6002891397196742
0.031762590015720744,0.369,0.5992374099842792
0.0318150307936174,0.37,0.5981849692063826
0.03186818251393237,0.371,0.5971318174860676
0.03192204510327114,0.372,0.5960779548967289
0.031976618514879894,0.373,0.5950233814851201
0.032,0.37342300984068094,0.594576990159319
0.03203312532883995,0.374,0.59396687467116
0.032091267450163344,0.375,0.5929087325498367
0.032150149231577614,0.376,0.5918498507684223
0.03220977077430092,0.377,0.5907902292256991
0.03227013220735144,0.378,0.5897298677926486
0.032331233687523574,0.379,0.5886687663124764
0.03239307539936742,0.38,0.5876069246006326
0.032455657555171935,0.381,0.586544342444828
0.03251898039495153,0.382,0.5854810196050485
0.03258304418643605,0.383,0.5844169558135639
0.03264784922506424,0.384,0.5833521507749357
0.03271339583398073,0.385,0.5822866041660193
0.03277968436403643,0.386,0.5812203156359635
0.03284671519379232,0.387,0.5801532848062076
0.032914488729526716,0.388,0.5790855112704733
0.03298300540524598,0.389,0.578016994594754
0.033,0.389245437898617,0.577754562101383
0.03305423277770812,0.39,0.5769457672222918
0.03312687370680242,0.391,0.5758731262931975
0.033200289415702654,0.392,0.5747997105842974
0.03327448051797196,0.393,0.573725519482028
0.03334944765650836,0.394,0.5726505523434916
0.033425191503584376,0.395,0.5715748084964156
0.0335017127608901,0.396,0.5704982872391099
0.033579012159580014,0.397,0.56942098784042
0.033657090460323585,0.398,0.5683429095396764
0.03373594845335936,0.399,0.5672640515466406
0.03381558695855278,0.4,0.5661844130414472
0.03389600682545785,0.401,0.5651039931745421
0.03397720893338228,0.402,0.5640227910666177
0.034,0.4022780669765032,0.5637219330234968
0.03406138358941079,0.403,0.5629386164105892
0.03414721661359677,0.404,0.5618527833864032
0.034233866470480795,0.405,0.5607661335295192
0.034321334253293694,0.406,0.5596786657467063
0.04099328207861385,0.46,0.4990067179213861
0.041,0.4600402014572217,0.4989597985427783
0.04116588532690274,0.461,0.4978341146730972
0.04133996412022654,0.462,0.4966600358797734
0.04151529801080783,0.463,0.4954847019891922
0.04169189221054504,0.464,0.49430810778945494
0.04186975200407368,0.465,0.49313024799592625
0.042,0.46572724728674525,0.4922727527132547
0.04205050812563166,0.466,0.49194949187436826
0.042236919996955384,0.467,0.49076308000304464
0.04242466613517597,0.468,0.48957533386482405
0.04261375249728036,0.469,0.48838624750271964
0.042804185122325616,0.47,0.4871958148776744
0.04299597013236413,0.471,0.4860040298676359
0.043,0.47102087957317496,0.485979120426825
0.04319534788123281,0.472,0.4848046521187672
0.04339627920485863,0.473,0.48360372079514136
0.043598638172523296,0.474,0.4824013618274767
0.04380243167801885,0.475,0.48119756832198113
0.044,0.47596267207054066,0.4800373279294593
0.04400791713123245,0.476,0.4799920828687676
0.044221358164033824,0.477,0.4787786418359662
0.04443631498283198,0.478,0.47756368501716806
0.04465279534687851,0.479,0.4763472046531215
0.04487080712123286,0.48,0.4751291928787672
0.045,0.48058864017857733,0.47441135982142263
0.045093288572559266,0.481,0.4739067114274408
0.04532156715263356,0.482,0.47267843284736644
0.04555146594000211,0.483,0.47144853405999787
0.04578299378598892,0.484,0.4702170062140111
0.046,0.48493075071079467,0.4690692492892053
0.04601668003665038,0.485,0.46898331996334963
0.04625906279946937,0.486,0.46774093720053067
0.0465031710005541,0.487,0.4664968289994459
0.04674901460281996,0.488,0.46525098539718
0.046996603706050605,0.489,0.4640033962939494
0.047,0.48901363332374453,0.4639863666762554
0.047253829862963725,0.49,0.46274617013703634
0.047513005020707856,0.491,0.46148699497929213
0.04777403168397491,0.492,0.46022596831602514
0.048,0.49285967385897705,0.4591403261410229
0.048038097258209636,0.493,0.4589619027417904
0.04831130569932908,0.494,0.45768869430067094
0.048586480099045225,0.495,0.4564135199009548
0.04886363309944727,0.496,0.4551363669005527
0.049,0.4964887755370849,0.45451122446291503
0.04914730789019864,0.497,0.4538526921098014
0.04943739415787202,0.498,0.45256260584212793
0.0497295842732877,0.499,0.45127041572671234
0.05,0.4999188992683138,0.45008110073168617
0.050024647558428316,0.5,0.4499753524415717
0.050330469723435786,0.501,0.4486695302765642
0.05063853158430553,0.502,0.44736146841569446
0.0509488490146958,0.503,0.44605115098530423
0.051,0.5031637944081763,0.4458362055918237
0.05126968620973258,0.504,0.4447303137902674
0.051594522332427596,0.505,0.44340547766757243
0.05192176351297444,0.506,0.4420782364870256
0.052,0.5062375418908215,0.44176245810917847
0.0522593441264221,0.507,0.4407406558735779
0.05260193281029304,0.508,0.439398067189707
0.05294708949614175,0.509,0.4380529105038582
0.053,0.5091523187372042,0.4378476812627957
0.05330410811909618,0.51,0.43669589188090385
0.05366551249770025,0.511,0.43533448750229975
0.054,0.5119186426358328,0.4340813573641672
0.054030594490566866,0.512,0.4339694055094331
0.05440905652447652,0.513,0.4325909434755235
0.05479043497632907,0.514,0.4312095650236709
0.055,0.5145456401052394,0.43045435989476055
0.05518024815892223,0.515,0.4298197518410778
0.05557973867560277,0.516,0.42842026132439726
0.05598235684305043,0.517,0.42701764315694957
0.056,0.5170435426084885,0.42695645739151145
0.05640035692221943,0.518,0.42559964307778053
0.05682224146139479,0.519,0.4241777585386052
0.057,0.5194183968600969,0.423581603139903
0.05725529232857129,0.52,0.4227447076714287
0.05769748836390222,0.521,0.4213025116360978
0.058,0.521678973543636,0.42032102645636393
0.05814779588424109,0.522,0.41985220411575885
0.05861143461876441,0.523,0.4183885653812356
0.059,0.5238314640282284,0.4171685359717716
0.05908139983779922,0.524,0.4169186001622007
0.060059955563199166,0.526,0.41394004443680077
0.061,0.527835196557823,0.4111648034421771
0.06108767734626513,0.528,0.4109123226537349
0.06216919322995236,0.53,0.40783080677004757
0.063,0.531472445636434,0.405527554363566
0.0633096043116082,0.532,0.4046903956883918
0.06451455420620328,0.534,0.40148544579379664
0.065,0.5347804490615597,0.4002195509384403
0.06579031079605499,0.536,0.39820968920394495
0.067,0.537789970027857,0.39521002997214305
0.06714869162993313,0.538,0.3948513083700669
0.06860285730700069,0.54,0.3913971426929993
0.069,0.5405281387468026,0.39047186125319744
0.07016052422004529,0.542,0.3878394757799547
0.071,0.5430195677305586,0.38598043226944145
0.0718448710992279,0.544,0.3841551289007721
0.072,0.5441785091735494,0.3838214908264507
0.07274193694687923,0.545,0.3822580630531207
0.073,0.5452833348723536,0.38171666512764646
0.07367885752673149,0.546,0.3803211424732684
0.074,0.5463361796574283,0.37966382034257173
0.0746600021403773,0.547,0.3783399978596227
0.075,0.5473390898433166,0.37766091015668346
0.07569029392327924,0.548,0.37630970607672076
0.076,0.5482940279359931,0.3757059720640069
0.07677530612700509,0.549,0.37422469387299484
0.077,0.5492028770396636,0.3737971229603364
0.07792137898646959,0.55,0.3720786210135304
0.078,0.5500674449857831,0.37193255501421696
0.079,0.5508889558630038,0.37011104413699625
0.07914130776560664,0.551,0.36985869223439327
0.08,0.5516690886468301,0.36833091135317
0.08044467000815901,0.552,0.36755532999184093
0.081,0.5524097675531089,0.36659023244689115
0.08183871314287847,0.553,0.36516128685712146
0.082,0.5531125426329104,0.3648874573670896
0.083,0.5537778797991989,0.36322212020080114
0.08335081035333479,0.554,0.36264918964666515
0.084,0.554407555811271,0.36159244418872905
0.08499410771134083,0.555,0.3600058922886591
0.085,0.5550034817144484,0.3599965182855517
0.086,0.5555649845886762,0.35843501541132383
0.08681918150071034,0.556,0.3571808184992896
0.087,0.556095203537232,0.35690479646276807
0.088,0.5565935224170072,0.3554064775829928
0.08886583216836462,0.557,0.3541341678316353
0.089,0.5570624492323415,0.35393755076765854
0.09,0.5575012827563092,0.35249871724369086
0.091,0.5579126390597307,0.3510873609402694
0.09122645946503463,0.558,0.35077354053496534
0.092,0.558295849298111,0.349704150701889
0.093,0.5586526954076354,0.3483473045923646
0.094,0.5589842476696907,0.34701575233030935
0.09405113321450573,0.559,0.3469488667854942
0.095,0.5592897954691544,0.34571020453084567
0.096,0.5595713552662085,0.34442864473379153
0.097,0.5598296042841269,0.34317039571587316
0.0977226714788368,0.56,0.3422773285211631
0.098,0.5600648246317914,0.3419351753682086
0.099,0.5602771960205907,0.34072280397940935
0.1,0.5604680631749565,0.33953193682504357
0.101,0.5606379604953784,0.3383620395046216
0.102,0.5607874072213858,0.33721259277861426
0.103,0.5609169080089392,0.3360830919910608
0.10375431850776097,0.561,0.335245681492239
0.104,0.5610268268940121,0.33497317310598795
0.105,0.5611174658608152,0.3338825341391848
0.106,0.5611896769222631,0.33281032307773695
0.107,0.561243909796842,0.331756090203158
0.108,0.5612806021797029,0.33071939782029713
0.109,0.5613001801753129,0.3296998198246871
0.11,0.5613030587107617,0.3286969412892383
0.111,0.5612896419307535,0.32771035806924653
0.112,0.5612603235752616,0.32673967642473845
0.113,0.5612154873407574,0.3257845126592426
0.114,0.56115550722587,0.32484449277412997
0.115,0.5610807478622829,0.3239192521377171
0.11590506054091163,0.561,0.3230949394590883
0.116,0.5609915244687107,0.3230084755312893
0.117,0.560887769833904,0.322112230166096
0.118,0.5607702095964043,0.32122979040359567
0.119,0.5606391752727237,0.32036082472727634
0.12,0.56049499043462,0.31950500956537997
0.121,0.5603379709669738,0.3186620290330262
0.122,0.5601684253153056,0.31783157468469436
0.12292629459230674,0.56,0.3170737054076932
0.123,0.5599865903067048,0.31701340969329517
0.124,0.5597919527450099,0.3162080472549901
0.125,0.5595856131865923,0.3154143868134077
0.126,0.5593678536969966,0.3146321463030034
0.127,0.5591389499722804,0.3138610500277196
0.1275784566839707,0.559,0.3134215433160292
0.128,0.5588986817287075,0.3131013182712925
0.129,0.5586470734387332,0.3123529265612668
0.13,0.5583850579059945,0.31161494209400553
0.131,0.5581128881972576,0.3108871118027424
0.13139917700543743,0.558,0.3106008229945625
0.132,0.5578299857607061,0.3101700142392939
0.133,0.5575368174175778,0.3094631825824222
0.134,0.5572341716142991,0.3087658283857009
0.1347500079875812,0.557,0.30824999201241876
0.135,0.5569219003479055,0.30807809965209454
0.136,0.5565994178185987,0.3074005821814013
0.137,0.5562680943757,0.30673190562429997
0.13778791897136,0.556,0.30621208102863995
0.138,0.5559277959690508,0.30607220403094915
0.139,0.5555777275932828,0.30542227240671715
0.14,0.5552194179554383,0.3047805820445617
0.14059789546147305,0.555,0.3044021045385269
0.141,0.5548523483768532,0.30414765162314683
0.142,0.5544763212536341,0.3035236787463659
0.143,0.5540926185680921,0.3029073814319079
0.14323597703433122,0.554,0.30276402296566873
0.144,0.5536999553124243,0.30230004468757565
0.145,0.5532995034270395,0.3017004965729605
0.1457339553387921,0.553,0.3012660446612079
0.146,0.5528913729787938,0.3011086270212062
0.147,0.5524747589690245,0.30052524103097544
0.148,0.5520513305134656,0.2999486694865344
0.14811889339499704,0.552,0.2998811066050029
0.149,0.5516193758421877,0.2993806241578123
0.15,0.5511806662204228,0.29881933377957715
0.15040489407376567,0.551,0.2985951059262343
0.151,0.5507343072064746,0.2982656927935253
0.152,0.5502808508669601,0.2977191491330399
0.15261017804635835,0.55,0.2973898219536416
0.153,0.5498204706770842,0.2971795293229158
0.154,0.5493527832689516,0.2966472167310483
0.15474432598959834,0.549,0.29625567401040165
0.155,0.5488787501430878,0.2961212498569121
0.156,0.5483973294477985,0.29560267055220146
0.15681540236648955,0.548,0.29518459763351035
0.157,0.5479099974707583,0.29509000252924167
0.158,0.5474153242760784,0.29458467572392155
0.15883024782459923,0.547,0.29416975217540076
0.159,0.5469150341002992,0.2940849658997008
0.16,0.5464075730208678,0.2935924269791321
0.1607947063091873,0.546,0.2932052936908127
0.161,0.5458946525439158,0.2931053474560842
0.162,0.5453748527923058,0.29262514720769417
0.16271380329401247,0.545,0.29228619670598743
0.163,0.5448496177924812,0.29215038220751877
0.164,0.5443179139043266,0.29168208609567337
0.16459188698550967,0.544,0.2914081130144903
0.165,0.5437806686374368,0.29121933136256317
0.166,0.543237481153901,0.29076251884609894
0.16643274117949913,0.543,0.29056725882050083
0.167,0.5426885189140107,0.29031148108598925
0.168,0.5421342550245983,0.28986574497540163
0.16823967619953661,0.542,0.28976032380046335
0.169,0.5415738586713307,0.2894261413286693
0.17,0.5410089128198026,0.2889910871801974
0.17001560273162586,0.541,0.2889843972683741
0.171,0.5404373552745532,0.2885626447254468
0.17175946305002976,0.54,0.2882405369499702
0.172,0.5398614010461988,0.28813859895380123
0.174,0.5386929055132603,0.28730709448673974
0.1751698157122998,0.538,0.28683018428770013
0.176,0.537504088126467,0.28649591187353307
0.178,0.5362955457672486,0.2857044542327515
0.1784833337273304,0.536,0.2855166662726696
0.18,0.5350678568320008,0.2849321431679993
0.1817134255363832,0.534,0.2842865744636167
0.182,0.5338206535118017,0.2841793464881983
0.184,0.532554954967977,0.28344504503202306
0.18486846693044914,0.532,0.28313153306955086
0.186,0.5312716429487943,0.2827283570512058
0.18795567893591034,0.53,0.2820443210640896
0.188,0.5299710805968078,0.2820289194031923
0.19,0.5286524017997493,0.2813475982002508
0.19098132520446937,0.528,0.28101867479553055
0.192,0.5273175133438325,0.2806824866561676
0.19395087002779066,0.526,0.2800491299722093
0.194,0.5259667130607679,0.28003328693923213
0.196,0.524598872050598,0.2794011279494021
0.19686910586051778,0.524,0.2791308941394822
0.198,0.5232161111160485,0.27878388888395156
0.19974025701509057,0.522,0.2782597429849094
0.2,0.5218179026536633,0.2781820973463367
0.202,0.5204044015920947,0.2775955984079054
0.20256806457695214,0.52,0.2774319354230479
0.204,0.5189770472242504,0.2770229527757496
0.205,0.5182572174814679,0.2767427825185321
0.2053558564013512,0.518,0.27664414359864875
0.206,0.5175341252651388,0.2764658747348613
0.20673561347390706,0.517,0.27626438652609286
0.207,0.5168079144496892,0.27619208555031083
0.208,0.5160781864483834,0.2759218135516166
0.20810660517080212,0.516,0.27589339482919784
0.209,0.5153443704654336,0.27565562953456646
0.20946750054468719,0.515,0.2755324994553128
0.21,0.5146075123639398,0.2753924876360603
0.21082118513734097,0.514,0.27517881486265905
0.211,0.5138676323450203,0.2751323676549797
0.212,0.5131240804690806,0.2748759195309194
0.21216613787792607,0.513,0.27483386212207395
0.213,0.5123768491895788,0.2746231508104212
0.2135024966202623,0.512,0.27449750337973766
0.214,0.5116266674812006,0.2743733325187995
0.21483218810344165,0.511,0.27416781189655837
0.215,0.5108735540426766,0.2741264459573234
0.216,0.5101168931813627,0.27388310681863737
0.21615384119072534,0.51,0.27384615880927465
0.217,0.5093566683713583,0.27364333162864174
0.21746755377107033,0.509,0.2735324462289297
0.218,0.5085935786818361,0.27340642131816395
0.2187750783229384,0.508,0.2732249216770616
0.219,0.5078276414117316,0.2731723585882684
0.22,0.5070585543761882,0.27294144562381184
0.2200758103457151,0.507,0.2729241896542849
0.221,0.5062857326033838,0.2727142673966162
0.22136854348556792,0.506,0.2726314565144321
0.222,0.5055101257841941,0.27248987421580595
0.2226555131259862,0.505,0.2723444868740138
0.223,0.504731749910614,0.27226825008938604
0.22393682184964656,0.504,0.2720631781503534
0.224,0.5039506206764891,0.2720493793235109
0.225,0.5031658440651178,0.27183415593488225
0.22521063146086817,0.503,0.2717893685391318
0.226,0.5023780879022683,0.2716219120977317
0.2264784759404043,0.502,0.27152152405959573
0.227,0.5015876359642986,0.27141236403570146
0.22774102603314417,0.501,0.27125897396685583
0.228,0.5007945027404187,0.2712054972595813
0.22899837053045233,0.5,0.27100162946954764
0.229,0.49999870244374667,0.27100129755625335
0.23,0.4991991503261541,0.27080084967384593
0.23024837806906118,0.499,0.2707516219309388
0.231,0.4983969636968664,0.2706030363031336
0.23149340446761438,0.498,0.27050659553238565
0.232,0.4975921630263906,0.27040783697360943
0.23273354369122612,0.497,0.2702664563087739
0.233,0.49678476141375744,0.2702152385862426
0.2339688730150732,0.496,0.2700311269849268
0.234,0.49597477170130577,0.27002522829869424
0.235,0.4951613110853219,0.2698386889146781
0.23519775085637085,0.495,0.26980224914362916
0.236,0.49434516004063284,0.2696548399593672
0.23642175825411899,0.494,0.26957824174588096
0.237,0.4935264697256845,0.26947353027431553
0.23764123395262743,0.493,0.2693587660473725
0.238,0.49270525194894504,0.26929474805105497
0.23885624553900708,0.492,0.2691437544609929
0.239,0.4918815182792483,0.2691184817207517
0.24,0.49105497301930273,0.2689450269806973
0.24006629821881828,0.491,0.2689337017811817
0.241,0.49022528866090004,0.26877471133909997
0.24127085884269836,0.49,0.2687291411573016
0.242,0.4893931333508656,0.2686068666491344
0.24247119968530112,0.489,0.26852880031469895
0.243,0.48855851769526604,0.26844148230473397
0.24366738012707315,0.488,0.2683326198729269
0.244,0.48772145207551443,0.2682785479244856
0.24485945802477385,0.487,0.2681405419752262
0.245,0.48688194665087214,0.26811805334912786
0.246,0.4860397874954869,0.26796021250451313
0.24604710301775726,0.486,0.2679528969822428
0.247,0.4851945599557817,0.2678054400442183
0.24722965338883773,0.485,0.2677703466111623
0.248,0.4843469332670137,0.2676530667329863
0.24840831135772393,0.484,0.2675916886422761
0.249,0.48349691669934314,0.26750308330065686
0.24958312800266644,0.483,0.26741687199733355
0.25,0.4826445193135717,0.2673554806864283
0.25075415313552285,0.482,0.26724584686447717
0.251,0.48178974996324136,0.26721025003675863
0.25192143533933914,0.481,0.26707856466066093
0.252,0.4809326172966704,0.2670673827033296
0.253,0.4800727170468222,0.2669272829531778
0.2530843510456677,0.48,0.2669156489543323
0.254,0.4792101017175307,0.2667898982824693
0.2542430344380393,0.479,0.2667569655619607
0.255,0.47834515916609793,0.26665484083390206
0.25539815234659935,0.478,0.26660184765340067
0.256,0.4774778972242028,0.2665221027757972
0.25654974787486107,0.477,0.26645025212513895
0.257,0.4766083235288798,0.2663916764711202
0.2576978630952114,0.476,0.26630213690478866
0.258,0.47573644552420435,0.26626355447579564
0.2588425390779901,0.475,0.26615746092201
0.259,0.4748622704629243,0.2661377295370757
0.2599838159195528,0.474,0.26601618408044725
0.26,0.47398580540803603,0.26601419459196396
0.261,0.47310644697057336,0.26589355302942663
0.2611208032568179,0.473,0.26587919674318206
0.262,0.47222474258481306,0.2657752574151869
0.2622543782530975,0.472,0.2657456217469025
0.263,0.47134077956320836,0.26565922043679163
0.2633847015665845,0.471,0.2656152984334156
0.264,0.47045456421995413,0.26554543578004586
0.26451180894207243,0.47,0.26548819105792765
0.265,0.4695661026878926,0.26543389731210737
0.26563573529875895,0.469,0.2653642647012411
0.266,0.46867540091978577,0.2653245990802142
0.2667565147522345,0.468,0.2652434852477655
0.267,0.46778246468953893,0.26521753531046105
0.26787418063573737,0.467,0.26512581936426255
0.268,0.46688729959337755,0.26511270040662244
0.2689887655207026,0.466,0.26501123447929736
0.269,0.4659899110509757,0.2650100889490243
0.27,0.46508978357781006,0.2649102164221899
0.2700995608129709,0.465,0.26490043918702916
0.271,0.46418739617433064,0.26481260382566935
0.271207282885085,0.464,0.264792717114915
0.272,0.4632828118459267,0.2647171881540733
0.2723120448022198,0.463,0.26468795519778016
0.273,0.46237603532366484,0.26462396467633514
0.2734138757277237,0.462,0.2645861242722763
0.274,0.461467071168343,0.26453292883165697
0.274512804172366,0.461,0.26448719582763397
0.275,0.4605559237713532,0.2644440762286468
0.27560885801064083,0.46,0.26439114198935915
0.276,0.45964259735550034,0.26435740264449964
0.2767020644965519,0.459,0.2642979355034481
0.277,0.45872709597577843,0.26427290402422154
0.27779245027889815,0.458,0.2642075497211018
0.278,0.4578094235201034,0.2641905764798966
0.2788800414160782,0.457,0.26411995858392184
0.279,0.4568895837100039,0.2641104162899961
0.27996486339043036,0.456,0.2640351366095696
0.28,0.4559675801012694,0.26403241989873055
0.281,0.4550431620727522,0.2639568379272478
0.281046607264927,0.455,0.26395339273507307
0.282,0.4541164088905562,0.26388359110944376
0.28212540359533517,0.454,0.2638745964046649
0.283,0.45318751306279426,0.2638124869372058
0.2832015265098384,0.453,0.26379847349016156
0.284,0.45225647751008907,0.2637435224899109
0.28427499891292624,0.452,0.2637250010870737
0.285,0.45132330499136436,0.2636766950086357
0.28534584320967404,0.451,0.26365415679032594
0.286,0.4503879981042548,0.2636120018957452
0.28641408131726925,0.45,0.2635859186827307
0.287,0.4494505592854814,0.2635494407145187
0.2874797346761925,0.449,0.2635202653238075
0.288,0.4485109908111817,0.2634890091888183
0.2885428242610619,0.448,0.26345717573893807
0.289,0.44756929479720564,0.26343070520279444
0.2896033705911535,0.447,0.2633966294088465
0.29,0.44662547319936574,0.2633745268006342
0.29066139374060873,0.446,0.26333860625939126
0.291,0.44567952781365433,0.26332047218634574
0.2917169133483385,0.445,0.2632830866516615
0.292,0.4447314602764143,0.26326853972358566
0.2927699486276366,0.444,0.2632300513723634
0.293,0.4437812720644775,0.2632187279355226
0.29382051837550777,0.443,0.2631794816244922
0.294,0.44282896449525655,0.2631710355047434
0.29486864098172616,0.442,0.26313135901827384
0.295,0.44187453872680454,0.2631254612731955
0.29591433443762477,0.441,0.2630856655623753
0.296,0.4409179957578279,0.26308200424217204
0.29695761634463536,0.44,0.26304238365536464
0.297,0.43995933642766744,0.26304066357233263
0.29799850392257465,0.439,0.26300149607742535
0.298,0.438998561416232,0.26300143858376795
0.299,0.4380354572378539,0.26296454276214615
0.2990367643899679,0.438,0.26296323561003215
0.3,0.43707024169609393,0.262929758303906
0.3000726710373892,0.437,0.2629273289626108
0.301,0.43610292365769077,0.2628970763423093
0.3011062498441037,0.436,0.2628937501558963
0.302,0.4351335032128746,0.26286649678712537
0.30213751632777125,0.435,0.2628624836722287
0.303,0.4341619802932368,0.26283801970676324
0.30316648566907617,0.434,0.2628335143309239
0.304,0.4331883546714469,0.26281164532855306
0.3041931727185002,0.433,0.2628068272814998
0.305,0.4322126259609365,0.26278737403906355
0.3052175920029115,0.432,0.2627824079970886
0.306,0.43123479361553674,0.2627652063844632
0.30623975773196305,0.431,0.2627602422680369
0.307,0.43025485692908205,0.262745143070918
0.30725968380431806,0.43,0.262740316195682
0.308,0.4292728150349673,0.26272718496503267
0.30827738381369607,0.429,0.26272261618630394
0.309,0.42828866690567036,0.2627113330943297
0.3092928710547566,0.428,0.26270712894524334
0.31,0.42730241135222785,0.2626975886477721
0.3103061585288148,0.427,0.2626938414711852
0.311,0.42631404702367587,0.2626859529763242
0.3113172589494035,0.426,0.26268274105059647
0.312,0.42532357240644236,0.2626764275935576
0.3123261847476775,0.425,0.26267381525232253
0.313,0.4243309858237049,0.2626690141762952
0.3133329480776738,0.424,0.26266705192232614
0.314,0.4233362854346989,0.262663714565301
0.31433756082142317,0.423,0.26266243917857685
0.315,0.42233946923399074,0.2626605307660093
0.3153400345939251,0.422,0.2626599654060749
0.316,0.4213405350506999,0.26265946494930004
0.3163403807479843,0.421,0.2626596192520157
0.317,0.42033948054768566,0.2626605194523144
0.3173386103789172,0.42,0.2626613896210828
0.318,0.4193363032206824,0.26266369677931756
0.3183347343291285,0.419,0.2626652656708715
0.319,0.4183310003973973,0.26266899960260276
0.3193287631925655,0.418,0.2626712368074346
0.32,0.4173235692365567,0.2626764307634432
0.3203207073190483,0.417,0.26267929268095164
0.321,0.4163140067269135,0.26268599327308656
0.3213105768184871,0.416,0.26268942318151284
0.322,0.4153023096862017,0.26269769031379825
0.32229838156498003,0.415,0.26270161843502
0.323,0.4142884747600519,0.2627115252399482
0.3232841312008057,0.414,0.26271586879919434
0.324,0.4132724984208514,0.26272750157914854
0.32426783514030233,0.413,0.2627321648596977
0.325,0.4122543769665652,0.26274562303343485
0.3252495025736479,0.412,0.2627504974263521
0.326,0.4112341065194999,0.26276589348050006
0.3262291424705326,0.411,0.26277085752946744
0.327,0.41021168302502653,0.2627883169749735
0.32720676358373757,0.41,0.26279323641626245
0.328,0.40918710225024585,0.2628128977497541
0.3281823744526124,0.409,0.2628176255473876
0.329,0.4081603597826107,0.2628396402173893
0.32915598340646357,0.408,0.26284401659353646
0.33,0.4071314510284894,0.2628685489715105
0.33012759856784657,0.407,0.26287240143215346
0.331,0.40610037121168396,0.2628996287883161
0.33206487898883597,0.405,0.262935121011164
