'p1','p2','p3'
0.283,0.15984077148410544,0.5571592285158946
0.285,0.1611332006368077,0.5538667993631924
0.287,0.16251473406066488,0.5504852659393352
0.289,0.1639894620886381,0.547010537911362
0.291,0.16557891517354517,0.5434210848264549
0.293,0.16728965300162935,0.5397103469983707
0.295,0.16914311145566266,0.5358568885443374
0.297,0.1711656166397745,0.5318343833602256
0.29777489192954804,0.172,0.5302251080704521
0.299,0.17338990221232872,0.5276100977876713
0.2995166419382954,0.174,0.5264833580617045
0.301,0.17585722821225927,0.5231427717877408
0.3011099075611945,0.176,0.5228900924388056
0.30256354097437155,0.178,0.5194364590256284
0.303,0.1786400090303147,0.5183599909696853
0.30389005503985306,0.18,0.516109944960147
0.305,0.1818350406561623,0.5131649593438378
0.30509614646479427,0.182,0.5129038535352057
0.3061897370267744,0.184,0.5098102629732257
0.307,0.18562695042312635,0.5073730495768737
0.30717828190649227,0.186,0.5068217180935077
0.30806787378498834,0.188,0.5039321262150116
0.308863119884276,0.19,0.5011368801157241
0.309,0.1903732126567453,0.5006267873432547
0.30922702977211114,0.191,0.49977297022788886
0.3095692746541549,0.192,0.49843072534584504
0.30989133162295474,0.193,0.4971086683770452
0.31,0.1933585604625541,0.4966414395374459
0.3101920166124458,0.194,0.4958079833875542
0.3104725232221072,0.195,0.4945274767778927
0.3107340630204182,0.196,0.4932659369795817
0.3109769730421366,0.197,0.49202302695786343
0.311,0.19710212343181804,0.491897876568182
0.3112000039477138,0.198,0.49079999605228614
0.311405028490245,0.199,0.489594971509755
0.31159254380067225,0.2,0.48840745619932774
0.31176286062254477,0.201,0.4872371393774552
0.3119162843351033,0.202,0.48608371566489667
0.312,0.2026108004852533,0.4853891995147467
0.31205270627919995,0.203,0.4849472937208
0.312172314005848,0.204,0.48382768599415205
0.31227604002689124,0.205,0.4827239599731088
0.31236416640363923,0.206,0.48163583359636086
0.31243697042375745,0.207,0.48056302957624253
0.31249472469763506,0.208,0.479505275302365
0.3125376972524554,0.209,0.47846230274754464
0.3125661516240349,0.21,0.47743384837596514
0.31258034694649145,0.211,0.47641965305350864
0.3125805380398025,0.212,0.47541946196019746
0.31256697549531215,0.213,0.47443302450468783
0.3125399057592438,0.214,0.4734600942407563
0.3124995712142711,0.215,0.47250042878572895
0.3124462102592029,0.216,0.4715537897407971
0.3123800573868316,0.217,0.4706199426131684
0.31230134325999553,0.218,0.46969865674000455
0.312210294785902,0.219,0.468789705214098
0.3121071351887601,0.22,0.46789286481123993
0.312,0.22093092262593456,0.4670690773740654
0.3119920247669383,0.221,0.4670079752330617
0.31186435049637495,0.222,0.46613564950362507
0.31172513123515455,0.223,0.4652748687648455
0.31157457815424633,0.224,0.46442542184575375
0.3114128990384027,0.225,0.4635871009615974
0.3112402983504756,0.226,0.4627597016495244
0.31105697729430853,0.227,0.46194302270569143
0.311,0.227293046924781,0.46170695307521903
0.31086211339406233,0.228,0.4611378866059377
0.31065642470798827,0.229,0.46034357529201175
0.31044053039358177,0.23,0.45955946960641825
0.3102146209596691,0.231,0.4587853790403309
0.31,0.2319100743419847,0.4580899256580152
0.3099787263886022,0.232,0.4580212736113978
0.30973151930022025,0.233,0.45726848069977977
0.3094747869437762,0.234,0.45652521305622384
0.309,0.2357574800661274,0.45524251993387266
0.30893296882586246,0.236,0.4550670311741376
0.3083513834024281,0.238,0.45364861659757194
0.3077329867216989,0.24,0.4522670132783011
0.3070782441447025,0.242,0.4509217558552976
0.307,0.24222963016487092,0.45077036983512914
0.3063865462659869,0.244,0.44961345373401307
0.3056603982057745,0.246,0.4483396017942255
0.305,0.24774108304886394,0.4472589169511361
0.30490031220557345,0.248,0.44709968779442655
0.3041059855392512,0.25,0.44589401446074883
0.30327819648047377,0.252,0.44472180351952617
0.303,0.2526543293125755,0.4443456706874246
0.3024181635601145,0.254,0.4435818364398856
0.3015263478950917,0.256,0.4424736521049083
0.301,0.25714917527366526,0.4418508247263348
0.30060319893487797,0.258,0.441396801065122
0.29964915478624515,0.26,0.4403508452137548
0.299,0.261325098366952,0.43967490163304807
0.29866464252481617,0.262,0.4393353574751838
0.29765007849399505,0.264,0.43834992150600494
0.297,0.2652516570259705,0.4377483429740296
0.296605868591819,0.266,0.43739413140818106
0.29553240854624,0.268,0.4364675914537599
0.295,0.26897401894500594,0.4360259810549941
0.2944300841793244,0.27,0.4355699158206756
0.2932992716608254,0.272,0.4347007283391746
0.293,0.2725203294077053,0.43447967059229475
0.2921403377515639,0.274,0.4338596622484361
0.291,0.2759218866208902,0.4330781133791099
0.2909532693508281,0.276,0.4330467306491719
0.28973743526420703,0.278,0.43226256473579294
0.289,0.27919203077218646,0.4318079692278136
0.2884942922291306,0.28,0.4315057077708694
0.2872241711660342,0.282,0.43077582883396587
0.287,0.2823479261491103,0.43065207385088977
0.28657839796164203,0.283,0.43042160203835794
0.286,0.2838880095372676,0.43011199046273235
0.28592679860677633,0.284,0.43007320139322364
0.2852671390351435,0.285,0.42973286096485647
0.285,0.2854018852631663,0.4295981147368338
0.2846010137249794,0.286,0.42939898627502054
0.284,0.2868946707036865,0.42910532929631345
0.28392898911676895,0.287,0.42907101088323113
0.2832489538248435,0.288,0.4287510461751565
0.283,0.28836343835115646,0.4286365616488436
0.28256238485716245,0.289,0.42843761514283757
0.282,0.2898126019374537,0.4281873980625463
0.2818698328170739,0.29,0.4281301671829261
0.28116982668872736,0.291,0.42783017331127265
0.281,0.29124083245961757,0.4277591675403824
0.28046269765377513,0.292,0.42753730234622483
0.28,0.2926495994816539,0.42735040051834605
0.27974949070840377,0.293,0.4272505092915963
0.27902990966240854,0.294,0.42697009033759153
0.279,0.29404124123169567,0.4269587587683043
0.2783020785704335,0.295,0.4266979214295665
0.278,0.29541245462217186,0.4265875453778281
0.2775680631820865,0.296,0.4264319368179135
0.277,0.2967680774147734,0.4262319225852266
0.2768278179667072,0.297,0.4261721820332928
0.2760805932272667,0.298,0.42591940677273327
0.276,0.2981071111580342,0.4258928888419658
0.27532558892444176,0.299,0.4256744110755583
0.275,0.2994285906154854,0.4255714093845146
0.2745642309452474,0.3,0.4254357690547526
0.274,0.30073566317250233,0.42526433682749765
0.27379646620821807,0.301,0.42520353379178194
0.27302204360765225,0.302,0.42497795639234776
0.273,0.30202827191445336,0.4249717280855466
0.27223935147521794,0.303,0.42476064852478207
0.272,0.3033041106486423,0.42469588935135766
0.2714501098392538,0.304,0.42454989016074623
0.271,0.30456655980579717,0.4244334401942028
0.27065425730551884,0.305,0.42434574269448117
0.27,0.3058158596377191,0.42418414036228086
0.26985172997079987,0.306,0.42414827002920014
0.26904207732012536,0.307,0.4239579226798746
0.269,0.3070516552321338,0.4239483447678662
0.26822431945163816,0.308,0.42377568054836184
0.268,0.3082728566055565,0.4237271433944435
0.2673997168097992,0.309,0.42360028319020077
0.267,0.309481754674948,0.423518245325052
0.26656819599410925,0.31,0.4234318040058907
0.266,0.3106785494955977,0.4233214505044023
0.2657296806842593,0.311,0.4232703193157407
0.265,0.3118634338348255,0.4231365661651745
0.2648840915315443,0.312,0.42311590846845576
0.26403105226252915,0.313,0.4229689477374709
0.264,0.3130362030877542,0.4229637969122458
0.2631697398217401,0.314,0.4228302601782599
0.263,0.3141961089578784,0.42280389104212157
0.26230114488334366,0.315,0.42269885511665634
0.262,0.3153447867368793,0.42265521326312067
0.26142517677807764,0.316,0.42257482322192236
0.261,0.31648239766289576,0.4225176023371042
0.2605417412833971,0.317,0.422458258716603
0.26,0.3176090971753273,0.4223909028246727
0.2596507404832422,0.318,0.4223492595167578
0.259,0.3187250351221716,0.4222749648778284
0.2587520726205566,0.319,0.42224792737944344
0.258,0.31983035595767306,0.42216964404232693
0.2578456319421223,0.32,0.4221543680578777
0.257,0.3209251989307869,0.4220748010692131
0.25693130853525004,0.321,0.42206869146474996
0.2560088985062385,0.322,0.42199110149376146
0.256,0.3220096016887695,0.4219903983112305
0.2550777618818132,0.323,0.4219222381181868
0.255,0.3230831528126104,0.4219168471873896
0.2541384576002217,0.324,0.4218615423997783
0.254,0.32414672351903306,0.42185327648096693
0.25319086044014366,0.325,0.4218091395598564
0.253,0.32520043052015885,0.42179956947984115
0.25223484023505055,0.326,0.4217651597649495
0.252,0.32624438628712515,0.42175561371287484
0.2512702616596995,0.327,0.4217297383403004
0.251,0.32727869918589975,0.42172130081410025
0.2502969840048968,0.328,0.42170301599510324
0.25,0.32830347360704315,0.42169652639295685
0.24931486093978386,0.329,0.42168513906021615
0.249,0.32931881008971264,0.42168118991028736
0.24832374026083728,0.33,0.42167625973916273
0.248,0.3303248054401814,0.4216751945598186
0.24732346362671845,0.331,0.42167653637328156
0.247,0.331321552845132,0.421678447154868
0.24631386627803822,0.332,0.4216861337219618
0.246,0.33230914197996875,0.42169085802003126
0.24529477674103667,0.333,0.42170522325896326
0.245,0.3332876591123813,0.4217123408876187
0.24426601651409513,0.334,0.4217339834859049
0.244,0.334257187201375,0.421742812798625
0.24322739973591803,0.335,0.421772600264082
0.243,0.3352178059919779,0.4217821940080221
0.2421787328341289,0.336,0.42182126716587104
0.242,0.3361695921058165,0.4218304078941835
0.2411198141529251,0.337,0.4218801858470748
0.241,0.33711261912774604,0.42188738087225397
0.2400504335583287,0.338,0.4219495664416713
0.24,0.33804695768870996,0.42195304231129005
0.239,0.3389724296815823,0.4220275703184177
0.2389700219831415,0.339,0.42202997801685854
0.238,0.33988885241147954,0.4221111475885205
0.23787796150772614,0.34,0.42212203849227387
0.237,0.3407967149773674,0.4222032850226326
0.23677459604940157,0.341,0.42222540395059843
0.236,0.3416960786380739,0.4223039213619261
0.2356596689789969,0.342,0.42234033102100305
0.235,0.3425870019936968,0.4224129980063032
0.23453291232048953,0.343,0.4224670876795104
0.234,0.3434695410517576,0.4225304589482424
0.23339404614864234,0.344,0.4226059538513577
0.233,0.344343749290439,0.42265625070956103
0.23224277794716475,0.345,0.4227572220528353
0.232,0.3452096777190267,0.4227903222809733
0.23107880192435398,0.346,0.4229211980756461
0.231,0.3460673749356658,0.4229326250643342
0.23,0.3469161721087223,0.42308382789127774
0.22990051354076246,0.347,0.42309948645923756
0.229,0.3477561903625156,0.4232438096374844
0.22870761297662576,0.348,0.42329238702337424
0.228,0.3485880556264588,0.42341194437354124
0.22750075617999901,0.349,0.42349924382000104
0.227,0.34941180856242726,0.42358819143757276
0.22627956257145287,0.35,0.42372043742854715
0.226,0.35022748762447015,0.4237725123755299
0.2250436331791819,0.351,0.42395636682081816
0.225,0.3510351291043851,0.4239648708956149
0.224,0.35183338184281476,0.42416661815718526
0.22378961983913442,0.352,0.42421038016086554
0.223,0.35262331909389266,0.42437668090610736
0.22251909136949422,0.353,0.4244809086305058
0.222,0.3534052680475823,0.4245947319524177
0.22123217634713993,0.354,0.42476782365286014
0.221,0.35417925768741454,0.4248207423125855
0.22,0.3549448629807421,0.4250551370192579
0.2199273000455993,0.355,0.4250726999544008
0.219,0.35570102708517615,0.4252989729148239
0.2186011933821138,0.356,0.4253988066178862
0.218,0.3564492636717076,0.42555073632829243
0.21725669605203618,0.357,0.4257433039479639
0.217,0.3571895946942401,0.4258104053057599
0.216,0.3579214047377498,0.4260785952622502
0.2158914992246256,0.358,0.42610850077537443
0.215,0.3586437531008614,0.42635624689913865
0.2145021531913707,0.359,0.42649784680862934
0.214,0.3593582104638354,0.4266417895361646
0.2130919554308077,0.36,0.4269080445691923
0.213,0.3600647919726859,0.4269352080273141
0.212,0.360761609541012,0.42723839045898804
0.21165440262323865,0.361,0.42734559737676137
0.211,0.36145001475477484,0.4275499852452252
0.21019229781451806,0.362,0.4278077021854819
0.21,0.36213054157887853,0.4278694584211215
0.209,0.36280162933505944,0.4281983706649406
0.20870104864808736,0.363,0.42829895135191265
0.208,0.3634637721230311,0.42853622787696893
0.2071808385968578,0.364,0.42881916140314225
0.207,0.3641180216839259,0.42888197831607416
0.206,0.36476251847331653,0.4292374815266835
0.20562709112068056,0.365,0.42937290887931945
0.205,0.3653981559831663,0.42960184401683377
0.20404133545356862,0.366,0.4299586645464314
0.204,0.36602587298097405,0.429974127019026
0.2024141921839197,0.367,0.43058580781608025
0.202,0.36725174502519276,0.4307482549748073
0.2,0.3684412558487164,0.43155874415128365
0.19903967968861913,0.369,0.4319603203113809
0.198,0.36959364160866637,0.4324063583913337
0.196,0.3707081157690269,0.43329188423097315
0.19546295060023453,0.371,0.43353704939976545
0.194,0.3717838681867145,0.43421613181328556
0.192,0.37282006415054564,0.4351799358494544
0.1916427376156936,0.373,0.4353572623843064
0.19,0.3738158433701629,0.43618415662983717
0.188,0.3747703189117613,0.43722968108823873
0.18750306987930923,0.375,0.4374969301206908
0.186,0.3756825760772232,0.43831742392277684
0.184,0.3765516712230099,0.43944832877699014
0.18292770642799247,0.377,0.4400722935720075
0.182,0.37737663051488574,0.4406233694851143
0.18,0.37815644861424164,0.4418435513857584
0.178,0.378889254251313,0.4431107457486871
0.17768245432765312,0.379,0.4433175456723468
0.176,0.3795732735131597,0.44442672648684034
0.174,0.38020858188464424,0.44579141811535583
0.172,0.3807924700579402,0.44720752994205987
0.17123934796536563,0.381,0.44776065203463433
0.171,0.3810651147787746,0.4479348852212254
0.17,0.3813233561451426,0.44867664385485734
0.169,0.381568448478233,0.44943155152176695
0.168,0.3818000820060023,0.45019991799399767
0.16708199681659544,0.382,0.4509180031834046
0.167,0.38201780542846037,0.4509821945715396
0.166,0.3822200289837422,0.4517799710162578
0.165,0.38240792787893346,0.4525920721210665
0.164,0.38258116850321233,0.45341883149678763
0.163,0.38273941015985447,0.4542605898401455
0.162,0.38288230488553276,0.4551176951144672
0.1610743468596113,0.383,0.4559256531403887
0.161,0.38300942543457084,0.45599057456542913
0.16,0.3831197101371453,0.45688028986285467
0.159,0.3832136799958315,0.45778632000416847
0.158,0.38329095964912974,0.45870904035087023
0.157,0.3833511655758555,0.45964883442414445
0.156,0.38339390588090105,0.4606060941190989
0.155,0.3834187800742131,0.4615812199257869
0.154,0.3834253788427303,0.46257462115726966
0.153,0.3834132838150099,0.4635867161849901
0.152,0.38338206731826663,0.46461793268173335
0.151,0.38333129212752776,0.4656687078724722
0.15,0.38326051120659876,0.4667394887934012
0.149,0.3831692674405201,0.4678307325594799
0.148,0.3830570933591789,0.46894290664082106
0.14757145500010915,0.383,0.46942854499989084
0.147,0.3829229109123702,0.4700770890876298
0.146,0.38276620752386165,0.47123379247613834
0.145,0.3825869246529933,0.47241307534700666
0.144,0.3823845452048486,0.4736154547951514
0.143,0.3821585400545317,0.4748414599454683
0.14236518675773227,0.382,0.47563481324226775
0.142,0.3819076356161256,0.47609236438387437
0.141,0.3816305390442222,0.4773694609557778
0.14,0.3813279408601509,0.47867205913984906
0.13900225861640642,0.381,0.47999774138359363
0.139,0.38099924806928925,0.48000075193071073
0.138,0.38064098429572607,0.4813590157042739
0.137,0.380255179760888,0.48274482023911197
0.1363824750331256,0.38,0.4836175249668744
0.136,0.37983989060544177,0.4841601093945582
0.135,0.37939342210669375,0.48560657789330625
0.13417319573367603,0.379,0.48682680426632396
0.134,0.378916502708514,0.487083497291486
0.133,0.3784055847410022,0.48859441525899777
0.13225128507711978,0.378,0.4897487149228802
0.132,0.377862066332611,0.490137933667389
0.131,0.3772826543574171,0.4917173456425829
0.13053743699062853,0.377,0.4924625630093715
0.13,0.3766671777081201,0.4933328222918799
0.129,0.376014946527726,0.494985053472274
0.1289781523055247,0.376,0.4950218476944753
0.128,0.375321725915988,0.496678274084012
0.1275578813399209,0.375,0.49744211866007904
0.127,0.3745884642279672,0.4984115357720328
0.12623845802916017,0.374,0.4997615419708398
0.126,0.37381318450754686,0.5001868154924531
0.12500745957242232,0.373,0.5019925404275777
0.125,0.37299380291566986,0.5020061970843301
0.124,0.3721269665652916,0.5038730334347084
0.12385956495605457,0.372,0.5041404350439455
0.123,0.371211869708,0.505788130292
0.12277816652477616,0.371,0.5062218334752239
0.122,0.3702461556179748,0.5077538443820252
0.12175576679369837,0.37,0.5082442332063016
0.121,0.3692272765826319,0.5097727234173681
0.12078610023605998,0.369,0.51021389976394
0.12,0.3681525396498481,0.5118474603501519
0.11986370312382136,0.368,0.5121362968761787
0.119,0.36701909638680685,0.5139809036131932
0.11898378731334042,0.367,0.5140162126866596
0.11814664597472392,0.366,0.5158533540252761
0.118,0.3658222022784188,0.5161777977215812
0.11734542420978315,0.365,0.5176545757902169
0.117,0.3645595092903645,0.5184404907096355
0.11657614075428327,0.364,0.5194238592457168
0.116,0.36322775343822294,0.520772246561777
0.11583572431010185,0.363,0.5211642756898982
0.11512503915590029,0.362,0.5228749608440997
0.115,0.36182144425254587,0.5231785557474542
0.11444336933145703,0.361,0.524556630668543
0.114,0.3603352716980245,0.5256647283019755
0.11378346540207698,0.36,0.5262165345979231
0.11314736507736317,0.359,0.5278526349226369
0.113,0.35876483044815133,0.5282351695518487
0.11253557111580201,0.358,0.529464428884198
0.112,0.3571034427520261,0.5308965572479739
0.11194008523479623,0.357,0.5310599147652038
0.11136923723396333,0.356,0.5326307627660367
0.111,0.3553424544631122,0.5336575455368878
0.11081341910943487,0.355,0.5341865808905651
0.11027692894160332,0.354,0.5357230710583967
0.11,0.3534754162354907,0.5365245837645093
0.10975634112486775,0.353,0.5372436588751323
0.10925195038797932,0.352,0.5387480496120207
0.109,0.3514923104317661,0.5395076895682339
0.10876266473252892,0.351,0.5402373352674711
0.10828832794664711,0.35,0.5417116720533529
0.108,0.34938189681939985,0.5426181031806001
0.10782685374955203,0.349,0.543173146250448
0.10738071239446342,0.348,0.5446192876055366
0.107,0.3471315182020866,0.5458684817979134
0.10694393617894242,0.347,0.5460560638210576
0.10652429652413012,0.346,0.5474757034758699
0.10611219364114648,0.345,0.5488878063588536
0.106,0.3447232317558841,0.549276768244116
0.10571474541983104,0.344,0.550285254580169
0.1053272366733757,0.343,0.5516727633266243
0.105,0.34214001997184307,0.552859980028157
0.10494813717956938,0.342,0.5530518628204306
0.10458383315891652,0.341,0.5544161668410834
0.10422632603441044,0.34,0.5557736739655896
0.104,0.3393552858448095,0.5566447141551905
0.1038785357507933,0.339,0.5571214642492066
0.10354265680161329,0.338,0.5584573431983866
0.1032132316309188,0.337,0.5597867683690811
0.103,0.3363403680801449,0.5606596319198551
0.10289279931079144,0.336,0.5611072006892086
0.10258357628539004,0.335,0.5624164237146099
0.1022804965854553,0.334,0.5637195034145446
0.102,0.3330555960386229,0.5649444039613771
0.10198390489120539,0.333,0.5650160951087946
0.10169973320300381,0.332,0.5663002667969961
0.10142142321720385,0.331,0.5675785767827961
0.101148941863509,0.33,0.568851058136491
0.101,0.3294420054497785,0.5695579945502216
0.10088494877236144,0.329,0.5701150512276385
0.10062997429829212,0.328,0.5713700257017078
0.1003805764760584,0.327,0.5726194235239417
0.10013672701078091,0.326,0.573863272989219
0.1,0.3254267806632369,0.5745732193367632
0.09990068925580328,0.325,0.5750993107441966
0.0996730881428544,0.324,0.5763269118571457
0.09945080927701103,0.323,0.577549190722989
0.0992338285695309,0.322,0.578766171430469
0.09902212252592071,0.321,0.5799778774740794
0.099,0.3208930201892132,0.5801069798107868
0.09881976304957989,0.32,0.5811802369504202
0.09862299075417424,0.319,0.5823770092458258
0.09843129282585211,0.318,0.5835687071741478
0.09824464943763303,0.317,0.584755350562367
0.09806304129346596,0.316,0.585936958706534
0.098,0.31564340930390267,0.5863565906960974
0.09788893742753553,0.315,0.5871110625724645
0.09772109132106854,0.314,0.5882789086789315
0.09755810252344546,0.313,0.5894418974765545
0.09739995495973042,0.312,0.5906000450402695
0.09724663303414421,0.311,0.5917533669658559
0.09709812162554916,0.31,0.5929018783744509
0.097,0.30931760676410763,0.5936823932358923
0.09695539050346033,0.309,0.5940446094965397
0.09681944903998667,0.308,0.5951805509600134
0.09668816201644127,0.307,0.5963118379835588
0.09656151712369788,0.306,0.5974384828763022
0.09643950248604541,0.305,0.5985604975139547
0.09632210665785178,0.304,0.5996778933421483
0.09620931862034943,0.303,0.6007906813796506
0.09610112777854163,0.302,0.6018988722214584
0.096,0.3010239350603004,0.6029760649396996
0.09599757652107303,0.301,0.6030024234789271
0.09590064843917506,0.3,0.6040993515608248
0.09580818443442012,0.299,0.60519181556558
0.09572017633259461,0.298,0.6062798236674054
0.0956366163523351,0.297,0.6073633836476648
0.09555749710298832,0.296,0.6084425028970117
0.09548281158257732,0.295,0.6095171884174226
0.09541255317587014,0.294,0.6105874468241299
0.09534671565255173,0.293,0.6116532843474483
0.09528529316549804,0.292,0.612714706834502
0.0952282802491504,0.291,0.6137717197508497
0.09517567181799151,0.29,0.6148243281820085
0.09512746316511979,0.289,0.6158725368348803
0.09508364996092414,0.288,0.616916350039076
0.095044228251856,0.287,0.6179557717481441
0.09500919445930074,0.286,0.6189908055406992
0.095,0.2857003008753892,0.6192996991246108
0.09497898816318431,0.285,0.6200210118368157
0.09495326153050984,0.284,0.6210467384694902
0.09493182253643241,0.283,0.6220681774635677
0.09491466956968127,0.282,0.6230853304303188
0.09490180137658091,0.281,0.6240981986234191
0.09489321706065477,0.28,0.6251067829393452
0.09488891608231786,0.279,0.6261110839176821
0.09488889825866151,0.278,0.6271111017413384
0.09489316376332849,0.277,0.6281068362366715
0.09490171312647955,0.276,0.6290982868735204
0.09491454723485127,0.275,0.6300854527651487
0.0949316673319041,0.274,0.6310683326680959
0.09495307501806345,0.273,0.6320469249819365
0.09497877225105084,0.272,0.6330212277489491
0.095,0.2712924149671668,0.6337075850328333
0.0950089420095158,0.271,0.6339910579904842
0.09504393125627901,0.27,0.634956068743721
0.09508330432110258,0.269,0.6359166956788974
0.09512706429086218,0.268,0.6368729357091378
0.09517521462417931,0.267,0.6378247853758207
0.0952277591522155,0.266,0.6387722408477845
0.0952847020795657,0.265,0.6397152979204342
0.09534604798524984,0.264,0.6406539520147502
0.095411801823804,0.263,0.641588198176196
0.09548196892647186,0.262,0.6425180310735281
0.09555655500249684,0.261,0.6434434449975032
0.09563556614051576,0.26,0.6443644338594843
0.0957190088100553,0.259,0.6452809911899448
0.09580688986313142,0.258,0.6461931101368685
0.09589921653595353,0.257,0.6471007834640464
0.09599599645073359,0.256,0.6480040035492665
0.096,0.25596050154887795,0.6480394984511221
0.09609919763871455,0.255,0.6489008023612854
0.09620703342691724,0.254,0.6497929665730827
0.09631943163474692,0.253,0.6506805683652531
0.09643640130231441,0.252,0.6515635986976855
0.09655795187709652,0.251,0.6524420481229035
0.09668409321635733,0.25,0.6533159067836427
0.09681483558968688,0.249,0.6541851644103132
0.09695018968165908,0.248,0.6550498103183409
0.097,0.24764442928702823,0.6553555707129718
0.0970919645507795,0.247,0.6559080354492205
0.09723945279668522,0.246,0.6567605472033148
0.09739167163337098,0.245,0.6576083283666291
0.09754863336051554,0.244,0.6584513666394844
0.09771035071869735,0.243,0.6592896492813026
0.09787683689278057,0.242,0.6601231631072194
0.098,0.24128112018872466,0.6607188798112753
0.09804905723185454,0.241,0.6609509427681455
0.09822859940057702,0.24,0.661771400599423
0.09841303780395433,0.239,0.6625869621960457
0.09860238742070755,0.238,0.6633976125792924
0.09879666370387766,0.237,0.6642033362961224
0.0989958825850521,0.236,0.6650041174149479
0.099,0.23597985782729705,0.665020142172703
0.09920398769913266,0.235,0.6657960123008674
0.09941723594608283,0.234,0.6665827640539171
0.09963556380632996,0.233,0.66736443619367
0.09985898920840423,0.232,0.6681410107915958
0.1,0.23138328131132294,0.6686167186886771
0.10008924041987638,0.231,0.6689107595801237
0.1003274725275711,0.23,0.6696725274724289
0.100570946656303,0.229,0.6704290533436971
0.10081968289513248,0.228,0.6711803171048676
0.101,0.22729039266555656,0.6717096073344435
0.10107513463660164,0.227,0.6719248653633983
0.10133948957003387,0.226,0.6726605104299661
0.10160925919466358,0.225,0.6733907408053365
0.10188446593939954,0.224,0.6741155340606004
0.102,0.2235886536157755,0.6744113463842245
0.10216832775314702,0.223,0.674831672246853
0.10246000224771493,0.222,0.6755399977522851
0.10275727524528237,0.221,0.6762427247547177
0.103,0.22019885014210508,0.676801149857895
0.10306133213085814,0.22,0.6769386678691419
0.10337581774566601,0.219,0.677624182254334
0.10369607072621956,0.218,0.6783039292737805
0.104,0.21706791567065128,0.6789320843293487
0.10402254334118581,0.217,0.6789774566588143
0.10436078303889507,0.216,0.679639216961105
0.1047049669527759,0.215,0.6802950330472242
0.105,0.21415759364460468,0.6808424063553953
0.10505618089413586,0.214,0.6809438191058642
0.10541915643878727,0.213,0.6815808435612127
0.10578826158584781,0.212,0.6822117384141522
0.106,0.2114360760323701,0.6825639239676299
0.10616665294564254,0.211,0.6828333470543575
0.1065553871471325,0.21,0.6834446128528675
0.1069504454652213,0.209,0.6840495545347788
0.107,0.20887668891163377,0.6841233110883662
0.10735856673753812,0.208,0.684641433262462
0.10777412586548893,0.207,0.6852258741345111
0.108,0.20646518596875885,0.6855348140312412
0.10819994740636912,0.206,0.685800052593631
0.10863673975989668,0.205,0.6863632602401034
0.109,0.2041811115408133,0.6868188884591867
0.10908176131281443,0.204,0.6869182386871856
0.10954054373148236,0.203,0.6874594562685177
0.11,0.20201335681949878,0.6879866431805013
0.11000632965131875,0.202,0.6879936703486813
0.11048788439362427,0.201,0.6885121156063758
0.11097651237666306,0.2,0.689023487623337
0.111,0.19995268199635552,0.6890473180036445
0.11148120256883115,0.199,0.6895187974311687
0.11199360576978429,0.198,0.6900063942302157
0.112,0.19798771319000635,0.6900122868099936
0.11252303768525408,0.197,0.690476962314746
0.113,0.1961119749073957,0.6908880250926043
0.11306119692396527,0.196,0.6909388030760348
0.11361603240440808,0.195,0.691383967595592
0.114,0.19431770883465846,0.6916822911653415
0.11418192469953307,0.194,0.691818075300467
0.11476293749454246,0.193,0.6922370625054575
0.115,0.19259779300879892,0.692402206991201
0.11535850066137152,0.192,0.6926414993386285
0.11596661696512119,0.191,0.6930333830348787
0.116,0.1909459007258782,0.6930540992741219
0.11659387488294405,0.19,0.693406125117056
0.117,0.18936195529012304,0.693638044709877
0.1172344119331818,0.189,0.6937655880668181
0.11789112036718304,0.188,0.694108879632817
0.118,0.18783653134720218,0.6941634686527978
0.11856689329462818,0.187,0.6944331067053717
0.119,0.1863695018747519,0.6946304981252481
0.1192582484793761,0.186,0.694741751520624
0.11996672883004142,0.185,0.6950332711699585
0.12,0.18495369253150334,0.6950463074684967
0.12069715288963714,0.184,0.6953028471103628
0.121,0.1835912364292881,0.6954087635707119
0.12144567695648346,0.183,0.6955543230435166
0.122,0.18227441722106724,0.6957255827789328
0.12221330514356264,0.182,0.6957866948564373
0.123,0.18100134972580548,0.6959986502741945
0.12300108183200498,0.181,0.6959989181679951
0.12381366297773382,0.18,0.6961863370222663
0.124,0.1797737094086455,0.6962262905913545
0.12464822837805777,0.179,0.6963517716219423
0.125,0.17858565903871532,0.6964143409612846
0.12550591171437755,0.178,0.6964940882856225
0.126,0.17743553949886456,0.6965644605011354
0.12638791457442805,0.177,0.696612085425572
0.127,0.17632177546940128,0.6966782245305987
0.12729548863602674,0.176,0.6967045113639734
0.128,0.17524285205646525,0.6967571479435347
0.12822993827783513,0.175,0.6967700617221648
0.129,0.17419731211395661,0.6968026878860434
0.12919262334501022,0.174,0.6968073766549898
0.13,0.1731837536993091,0.6968162463006908
0.13018496208061112,0.173,0.6968150379193889
0.131,0.17220082765553824,0.6967991723444618
0.13120843423449471,0.172,0.6967915657655053
0.132,0.17124723531247263,0.6967527646875273
0.13226458436237742,0.171,0.6967354156376225
0.133,0.17032172630051706,0.696678273699483
0.13335502532877136,0.17,0.6966449746712285
0.134,0.16942309647071283,0.6965769035292871
0.13448144202863144,0.169,0.6965185579713685
0.135,0.1685501859152396,0.6964498140847604
0.13564559534378015,0.168,0.6963544046562198
0.136,0.16770187708286652,0.6962981229171334
0.1368493263515273,0.167,0.6961506736484726
0.137,0.1668770929841898,0.6961229070158101
0.138,0.166075900437076,0.695924099562924
0.13809647050816662,0.166,0.6959035294918333
0.139,0.16529831675018317,0.6957016832498168
0.13939109438254543,0.165,0.6956089056174546
0.14,0.16454154120407313,0.6954584587959268
0.14073233959950743,0.164,0.6952676604004925
0.141,0.16380462810134777,0.6951953718986522
0.142,0.16308793962505821,0.6949120603749418
0.14212501349396883,0.163,0.6948749865060311
0.143,0.16239244832158656,0.6946075516784134
0.1435756320842054,0.162,0.6944243679157945
0.144,0.1617144132465132,0.6942855867534867
0.145,0.16105378034805246,0.6939462196519475
0.14508298439832462,0.161,0.6939170156016754
0.146,0.16041338057473564,0.6935866194252643
0.14665833114068486,0.16,0.6933416688593151
0.147,0.15978822891459651,0.6932117710854034
0.148,0.1591801672498237,0.6928198327501762
0.148302092812327,0.159,0.692697907187673
0.149,0.15858915065754775,0.6924108493424522
0.15,0.15801152064359428,0.6919884793564057
0.15002035132215494,0.158,0.691979648677845
0.151,0.15745260918118292,0.691547390818817
0.15182572463484365,0.157,0.6911742753651563
0.152,0.15690570927042236,0.6910942907295776
0.153,0.1563755807113047,0.6906244192886952
0.15372261165908083,0.156,0.6902773883409191
0.154,0.15585769364347474,0.6901423063565253
0.155,0.1553551694295383,0.6896448305704617
0.15572121972242775,0.155,0.6892787802775722
0.156,0.15486449341282407,0.6891355065871759
0.157,0.15438860097305335,0.6886113990269467
0.1578335556423416,0.154,0.6881664443576584
0.158,0.1539234119468275,0.6880765880531725
0.159,0.15347321633229155,0.6875267836677084
0.16,0.15303233156262794,0.686967668437372
0.16007500500861202,0.153,0.6869249949913879
0.161,0.15260646611768836,0.6863935338823116
0.162,0.152190120708406,0.685809879291594
0.1624670754278539,0.152,0.6855329245721461
0.163,0.15178590516882406,0.6852140948311759
0.164,0.15139324446886848,0.6846067555311315
0.165,0.15100932261664526,0.6839906773833547
0.16502487928038445,0.151,0.6839751207196155
0.166,0.1506393884970026,0.6833606115029973
0.167,0.1502780946755384,0.6827219053244615
0.16778838116621198,0.15,0.682211618833788
0.168,0.14992633129179972,0.6820736687082003
0.169,0.14958688192186728,0.6814131180781327
0.17,0.14925565607969823,0.6807443439203017
0.17079160024759182,0.149,0.6802083997524082
0.171,0.14893357947167785,0.6800664205283221
0.172,0.14862323038933725,0.6793767696106628
0.174,0.14802635733929123,0.6779736426607088
0.176,0.1474688119539619,0.6765311880460382
0.178,0.14694314885040047,0.6750568511495996
0.18,0.14645423243699002,0.6735457675630101
0.182,0.14599495355254705,0.672005046447453
0.184,0.14557119289569137,0.6704288071043087
0.186,0.145175990002813,0.668824009997187
0.188,0.14481189323324714,0.6671881067667529
0.19,0.1444780276720021,0.6655219723279979
0.192,0.14417154471706614,0.6638284552829339
0.194,0.1438938216190282,0.6621061783809719
0.196,0.14364520971841435,0.6603547902815857
0.198,0.14342295245768377,0.6585770475423163
0.2,0.14322686118174874,0.6567731388182513
0.202,0.143056761281464,0.6549432387185361
0.204,0.14291381825478736,0.6530861817452127
0.205,0.14285227469679657,0.6521477253032035
0.206,0.14279704052857825,0.6512029594714218
0.207,0.14274809914376468,0.6502519008562353
0.208,0.14270543472983455,0.6492945652701655
0.209,0.1426690322612421,0.6483309677387579
0.21,0.14263887749286916,0.6473611225071308
0.211,0.14261495695379328,0.6463850430462068
0.212,0.1425972579413664,0.6454027420586337
0.213,0.1425857685155991,0.6444142314844009
0.214,0.14258047749384534,0.6434195225061548
0.215,0.1425813744457832,0.6424186255542168
0.216,0.14258844968868664,0.6414115503113134
0.217,0.14260169428298405,0.640398305717016
0.218,0.14262110002810022,0.6393788999718998
0.219,0.14264665945857727,0.6383533405414228
0.22,0.1426783658404711,0.6373216341595289
0.221,0.14271621316802033,0.6362837868319797
0.222,0.14276019616058416,0.6352398038394158
0.223,0.14281031025984645,0.6341896897401536
0.224,0.14286655162728334,0.6331334483727167
0.225,0.14292891714189176,0.6320710828581082
0.226,0.14299740439817665,0.6310025956018234
0.22603484519868547,0.143,0.6309651548013145
0.227,0.1430731694463774,0.6299268305536226
0.228,0.14315519860608034,0.6288448013939196
0.229,0.14324345060432828,0.6277565493956717
0.23,0.14333792654501962,0.6266620734549804
0.231,0.14343862826185214,0.6255613717381479
0.232,0.14354555831808474,0.6244544416819153
0.233,0.14365872000655766,0.6233412799934424
0.234,0.14377811734996804,0.622221882650032
0.235,0.1439037551014015,0.6210962448985985
0.23573011508785108,0.144,0.620269884912149
0.236,0.14403622483176323,0.6199637751682368
0.237,0.14417663836986822,0.6188233616301317
0.238,0.14432342413875493,0.617676575861245
0.239,0.14447659072558625,0.6165234092744137
0.24,0.1446361474787869,0.6153638525212131
0.241,0.14480210451049041,0.6141978954895095
0.242,0.14497447269925526,0.6130255273007448
0.2421430029732423,0.145,0.6128569970267577
0.243,0.1451558347661329,0.6118441652338671
0.244,0.14534418107271818,0.6106558189272818
0.245,0.1455390986520871,0.6094609013479129
0.246,0.1457406026181539,0.6082593973818461
0.247,0.14594870889766634,0.6070512911023337
0.24723921926628945,0.146,0.6067607807337105
0.248,0.14616622158313938,0.6058337784168606
0.249,0.146391374353273,0.604608625646727
0.25,0.146623314213316,0.603376685786684
0.251,0.1468620617458438,0.6021379382541562
0.2515621860741632,0.147,0.6014378139258367
0.252,0.1471095019611208,0.6008904980388792
0.253,0.14736631574541068,0.5996336842545893
0.254,0.14763014554816842,0.5983698544518316
0.255,0.14790101705637845,0.5970989829436215
0.25535661175281443,0.148,0.5966433882471855
0.256,0.14818210464933504,0.595817895350665
0.257,0.1484721749614257,0.5945278250385743
0.258,0.14876952168186086,0.5932304783181391
0.2587569243940612,0.149,0.5922430756059387
0.259,0.14907549928128597,0.591924500718714
0.26,0.1493930774738098,0.5906069225261902
0.261,0.14971819125282804,0.589281808747172
0.2618473642491547,0.15,0.5881526357508452
0.262,0.15005179808924524,0.5879482019107547
0.263,0.15039827324804944,0.5866017267519505
0.264,0.15075257034368472,0.5852474296563153
0.26468371136200486,0.151,0.5843162886379951
0.265,0.15111684071506468,0.5838831592849353
0.266,0.15149373812142888,0.5825062618785711
0.267,0.15187877409198555,0.5811212259080144
0.26730880918311617,0.152,0.5806911908168838
0.268,0.15227707882418373,0.5797229211758163
0.269,0.15268607667582204,0.578313923324178
0.26975240688064805,0.153,0.5772475931193519
0.27,0.1531055254686153,0.5768944745313846
0.271,0.1535396585092456,0.5754603414907544
0.272,0.15398260729754296,0.574017392702457
0.2720385917466037,0.154,0.5739614082533963
0.273,0.15444280991766263,0.5725571900823374
0.274,0.15491251652646248,0.5710874834735375
0.27418306593210673,0.155,0.5708169340678932
0.275,0.1553991248030852,0.5696008751969148
0.276,0.15589699386227976,0.5681030061377202
0.27620342526602615,0.156,0.5677965747339738
0.277,0.15641253785860834,0.5665874621413917
0.278,0.1569400949534396,0.5650599050465603
0.2781117179443114,0.157,0.5648882820556886
0.279,0.15748736738451014,0.5635126326154898
0.27991743654948786,0.158,0.5620825634505121
0.28,0.15804722147589312,0.5619527785241069
0.281,0.15862836471574365,0.5603716352842563
