p1,p2,p3
0.406,0.5918231445180347,0.002176855481965223
0.40582311364142576,0.592,0.0021768863585742704
0.405,0.5928229673830926,0.0021770326169073817
0.4048229350314697,0.593,0.002177064968530318
0.404,0.5938227821031523,0.0021772178968476608
0.4038227482695155,0.594,0.002177251730484553
0.403,0.5948225886639109,0.0021774113360890635
0.40282255334100703,0.595,0.0021774466589929986
0.402,0.5958223870508266,0.002177612949173402
0.40182235023114776,0.596,0.0021776497688522634
0.401,0.5968221772491171,0.002177822750882852
0.40082213892489915,0.597,0.002177861075100873
0.4,0.5978219592437588,0.002178040756241173
0.399821919406979,0.598,0.002178080593021048
0.399,0.5988217330194844,0.0021782669805155974
0.39882169166186004,0.599,0.0021783083381399226
0.398,0.5998214985607815,0.0021785014392184943
0.3978214556737684,0.6,0.0021785443262315463
0.397,0.6008212558518918,0.002178744148108147
0.39682121142668164,0.601,0.0021787885733184353
0.396,0.6018210048768086,0.0021789951231914184
0.3958209589043274,0.602,0.0021790410956726847
0.395,0.6028207456192751,0.00217925438072486
0.39482069809018155,0.603,0.0021793019098184097
0.394,0.6038204780627837,0.0021795219372162666
0.3938204289674666,0.604,0.0021795710325334117
0.393,0.6048202021905732,0.0021797978094267867
0.3928201515191498,0.605,0.0021798484808501772
0.392,0.6058199179856277,0.0021800820143722532
0.3918198657279414,0.606,0.0021801342720585426
0.391,0.6068196254306748,0.002180374569325183
0.3908195715762931,0.607,0.002180428423706915
0.39,0.6078193245081833,0.0021806754918166638
0.38981926904639574,0.608,0.0021807309536042707
0.389,0.6088190152003621,0.0021809847996379084
0.38881895812017786,0.609,0.0021810418798221543
0.388,0.6098186974891578,0.0021813025108421424
0.3878186387793036,0.61,0.002181361220696343
0.387,0.6108183713562532,0.0021816286437468246
0.3868183110051708,0.611,0.0021816889948291784
0.386,0.611818036783065,0.002181963216934979
0.385817974778909,0.612,0.0021820252210910107
0.385,0.6128176937507422,0.0021823062492577483
0.38481763008137754,0.613,0.0021823699186225287
0.384,0.613817342240164,0.0021826577598359487
0.3838172768931635,0.614,0.002182723106836537
0.383,0.6148169822319376,0.0021830177680624008
0.38281691519457955,0.615,0.00218308480542051
0.382,0.6158166137063965,0.0021833862936034842
0.38181654496566214,0.616,0.002183455034337922
0.381,0.6168162366435982,0.002183763356401802
0.3808161661861689,0.617,0.0021838338138311375
0.38,0.617815851023322,0.0021841489766779576
0.379815778835577,0.618,0.0021842211644230725
0.379,0.6188154568250673,0.0021845431749326627
0.37881538289308053,0.619,0.0021846171069195286
0.378,0.6198150540280509,0.0021849459719490705
0.3778149783375885,0.62,0.0021850216624115237
0.377,0.6208146426112051,0.002185357388794884
0.3768145651477225,0.621,0.0021854348522775124
0.376,0.6218142225531752,0.0021857774468247992
0.3758141433018145,0.622,0.0021858566981854954
0.375,0.6228137938323175,0.002186206167682503
0.3748137127779043,0.623,0.002186287222095684
0.374,0.6238133564266969,0.0021866435733031153
0.3738132735537374,0.624,0.00218672644626261
0.373,0.6248129103140843,0.002187089685915744
0.3728128256067623,0.625,0.0021871743932376786
0.372,0.6258124554719545,0.002187544528045482
0.3718123689141284,0.626,0.002187631085871611
0.371,0.6268119918774838,0.002188008122516183
0.3708119034526831,0.627,0.0021880965473168867
0.37,0.6278115195075472,0.0021884804924527934
0.3698114291989697,0.628,0.0021885708010302984
0.369,0.628811038338716,0.002188961661284017
0.3688109461292243,0.629,0.0021890538707756146
0.368,0.6298105483472554,0.002189451652744645
0.36781045421937386,0.63,0.0021895457806261343
0.367,0.6308100495091219,0.002189950490878112
0.3668099534450328,0.631,0.002190046554967129
0.366,0.6318095417999604,0.0021904582000396022
0.36580944378150093,0.632,0.0021905562184990623
0.365,0.6328090251951018,0.0021909748048981603
0.3648089252037603,0.633,0.0021910747962397004
0.364,0.6338084996695602,0.0021915003304397995
0.36380839768647255,0.634,0.002191602313527441
0.363,0.6348079651980302,0.0021920348019698332
0.3628078612039763,0.635,0.002192138796023757
0.362,0.6358074217548837,0.0021925782451163167
0.3618073157302837,0.636,0.002192684269716305
0.361,0.6368068693141675,0.0021931306858324895
0.36080676123907823,0.637,0.002193238760921812
0.36,0.6378063078496005,0.002193692150399551
0.3598061977037111,0.638,0.0021938022962889603
0.359,0.6388057373345701,0.0021942626654298802
0.35880562509719865,0.639,0.002194374902801277
0.358,0.63980515774213,0.0021948422578700333
0.35780504339221914,0.64,0.002194956607780907
0.357,0.6408045690449964,0.00219543095500363
0.3568044525611096,0.641,0.0021955474388903884
0.356,0.6418039712155456,0.0021960287844544624
0.3558038525758627,0.642,0.002196147424137318
0.355,0.6428033642258104,0.0021966357741896037
0.35480324340812364,0.643,0.0021967565918763476
0.354,0.6438027480474773,0.0021972519525227385
0.3538026250291867,0.644,0.002197374970813293
0.353,0.6448021226518826,0.002197877348117383
0.352801997409992,0.645,0.002198002590007908
0.352,0.64580148801001,0.002198511989989993
0.3518013605211224,0.646,0.002198639478877662
0.351,0.6468008440924867,0.002199155907513295
0.35080071433279947,0.647,0.0021992856672005123
0.35,0.64780019086958,0.0021998091304200607
0.34980005881488074,0.648,0.0021999411851192363
0.349,0.6487995283111939,0.002200471688806105
0.34879939393685566,0.649,0.002200606063144317
0.348,0.6497988563868661,0.002201143613133949
0.3477987196678421,0.65,0.00220128033215794
0.347,0.6507981750657637,0.002201824934236374
0.3467980359765829,0.651,0.0022019640234171023
0.346,0.6517974843166798,0.002202515683320194
0.34579734283144203,0.652,0.002202657168557942
0.345,0.6527967841080304,0.00220321589196959
0.34479664020040085,0.653,0.0022033597995991805
0.344,0.6537960744078498,0.0022039255921502132
0.3437959280510543,0.654,0.002204071948945674
0.343,0.6547953551837873,0.002204644816212742
0.34279520635060684,0.655,0.0022047936493931886
