'p1','p2','p3'
0.1226041149517005,0.1815,0.6958958850482995
0.1225,0.18163202042615204,0.6958679795738479
0.12221230093370435,0.182,0.6957876990662957
0.122,0.18227336135529856,0.6957266386447014
0.12182550086397938,0.1825,0.6956744991360206
0.1215,0.182925594738131,0.6955744052618691
0.12144358355739004,0.183,0.69555641644261
0.12106704958691866,0.1835,0.6954329504130814
0.121,0.18358964516834048,0.6954103548316595
0.1206957199652634,0.184,0.6953042800347367
0.1205,0.18426572875595387,0.695234271244046
0.12032893482288383,0.1845,0.6951710651771161
0.12,0.184953511530771,0.695046488469229
0.11996657171920161,0.185,0.6950334282807984
0.11960953627944734,0.1855,0.6948904637205526
0.1195,0.18565444719763916,0.6948455528023609
0.11925703827851285,0.186,0.6947429617214871
0.119,0.18636805307433424,0.6946319469256658
0.11890864483992131,0.1865,0.6945913551600787
0.11822582720993739,0.1875,0.6942741727900626
0.118,0.18783588248632324,0.6941641175136768
0.11789060713441604,0.188,0.6941093928655839
0.1175596365560344,0.1885,0.6939403634439656
0.1175,0.1885907328371682,0.6939092671628319
0.11723331541999045,0.189,0.6937666845800095
0.117,0.18936051309096086,0.6936394869090392
0.11691050490146722,0.1895,0.6935894950985327
0.11659196020029058,0.19,0.6934080397997093
0.1165,0.19014536863695977,0.6933546313630402
0.11627759359419693,0.1905,0.6932224064058031
0.116,0.19094568240612467,0.6930543175938754
0.11596645980114206,0.191,0.6930335401988579
0.11565995316986309,0.1915,0.6928400468301369
0.11505719957085522,0.1925,0.6924428004291447
0.115,0.19259614925177398,0.692403850748226
0.11446924643568632,0.1935,0.6920307535643136
0.11418107447891301,0.194,0.6918189255210869
0.114,0.19431640392278235,0.6916835960772176
0.11389583750417914,0.1945,0.6916041624958208
0.11361422307345659,0.195,0.6913857769265435
0.1135,0.19520428228906053,0.6912957177109395
0.11333608074339015,0.1955,0.6911639192566098
0.113,0.19611150863857388,0.6908884913614262
0.11278962537214668,0.1965,0.6907103746278533
0.11225612760294584,0.1975,0.6902438723970541
0.112,0.19798766130676265,0.6900123386932373
0.1117352504815819,0.1985,0.6897647495184182
0.1115,0.19895861129321157,0.6895413887067884
0.11147895318636009,0.199,0.6895210468136399
0.11122666373091283,0.1995,0.6892733362690872
0.111,0.199952479217484,0.689047520782516
0.1109764016261503,0.2,0.6890235983738497
0.1107300435986426,0.2005,0.6887699564013574
0.11024507270899692,0.2015,0.688254927291003
0.11000629999234468,0.202,0.6879937000076553
0.11,0.20201329863847192,0.6879867013615281
0.10977143991817649,0.2025,0.6877285600818235
0.1095383717856046,0.203,0.6874616282143953
0.1095,0.2030829799802915,0.6874170200197085
0.10930884017347511,0.2035,0.6871911598265249
0.10908137784261897,0.204,0.6869186221573811
0.109,0.20418030961540753,0.6868196903845925
0.10885697437595385,0.2045,0.6866430256240461
0.10863502068965528,0.205,0.6863649793103448
0.1085,0.20530656557663293,0.686193434423367
0.10841554924656588,0.2055,0.686084450753434
0.10819900864046428,0.206,0.6858009913595358
0.108,0.2064630907179855,0.6855369092820145
0.10798427719562989,0.2065,0.6855157228043701
0.10777305566655886,0.207,0.6852269443334412
0.10756347246300456,0.2075,0.6849365275369954
0.1075,0.20765268444739887,0.6848473155526011
0.10735688127071995,0.208,0.6846431187292801
0.10715250319886212,0.2085,0.6843474968011378
0.107,0.20887611827706126,0.6841238817229387
0.10695021036363452,0.209,0.6840497896363655
0.10675094679473386,0.2095,0.6837490532052661
0.10655327463187077,0.21,0.6834467253681292
0.1065,0.21013590969491389,0.683364090305086
0.10635853491202601,0.2105,0.683141465087974
0.10616586741044773,0.211,0.6828341325895523
0.106,0.21143401534443643,0.6825659846555636
0.10597500435396932,0.2115,0.6825249956460306
0.10578725410796629,0.212,0.6822127458920337
0.10560105020057213,0.2125,0.6818989497994279
0.1055,0.2127736883497985,0.6817263116502015
0.10541717795538331,0.213,0.6815828220446167
0.10523578537406081,0.2135,0.6812642146259391
0.10505591532273555,0.214,0.6809440846772645
0.105,0.21415682454027146,0.6808431754597286
0.10487872149321308,0.2145,0.6806212785067869
0.10470355893252928,0.215,0.6802964410674708
0.10452989565665063,0.2155,0.6799701043433494
0.1045,0.21558686676749225,0.6799131332325077
0.1043590750440056,0.216,0.6796409249559945
0.10419001746126558,0.2165,0.6793099825387344
0.1040224364629665,0.217,0.6789775635370335
0.104,0.21706757260135404,0.678932427398646
0.10385769088014701,0.2175,0.678642309119853
0.10369461576123357,0.218,0.6783053842387665
0.10353299505334082,0.2185,0.6779670049466592
0.1035,0.21860305159495497,0.677896948405045
0.1033740331455492,0.219,0.6776259668544509
0.10321682043474704,0.2195,0.677283179565253
0.10306104047128001,0.22,0.6769389595287201
0.103,0.22019780794698696,0.6768021920530131
0.1029075775418969,0.2205,0.676592422458103
0.10275610957419962,0.221,0.6762438904258005
0.10260605318332564,0.2215,0.6758939468166744
0.1025,0.2218567894965903,0.6756432105034097
0.10245781102503651,0.222,0.6755421889749635
0.10231197246083422,0.2225,0.6751880275391657
0.10216752478017403,0.223,0.674832475219826
0.10202446496318078,0.2235,0.6744755350368192
0.102,0.223586386159727,0.674413613840273
0.1018839092731562,0.224,0.6741160907268439
0.10174495768734591,0.2245,0.673755042312654
0.10160737385475799,0.225,0.673392626145242
0.1015,0.22539417379302318,0.6731058262069768
0.10147143080461717,0.2255,0.6730285691953828
0.10133786488503026,0.226,0.6726621351149698
0.10120564705127176,0.2265,0.6722943529487282
0.10107477455723561,0.227,0.6719252254427645
0.101,0.22728871332677378,0.6717112866732262
0.1009457696367528,0.2275,0.6715542303632471
0.10081880993068962,0.228,0.6711811900693104
0.10069317643794387,0.2285,0.6708068235620561
0.10056886655918804,0.229,0.670431133440812
0.1005,0.22928004635252625,0.6702199536474738
0.1004463978357677,0.2295,0.6700536021642323
0.1003258979435726,0.23,0.6696741020564274
0.10020670305798969,0.2305,0.6692932969420102
0.10008881072071045,0.231,0.6689111892792896
0.1,0.2313809159283523,0.6686190840716477
0.09997248612084622,0.2315,0.6685275138791538
0.09985830321481286,0.232,0.6681416967851872
0.09974540474776919,0.2325,0.6677545952522308
0.09963378839692708,0.233,0.667366211603073
0.09952345187192765,0.2335,0.6669765481280723
0.0995,0.23360757083799585,0.6668924291620041
0.09941522011693488,0.234,0.6665847798830651
0.09920300077327694,0.235,0.6657969992267231
0.09909878237899125,0.2355,0.6654012176210087
0.099,0.23597972244082804,0.665020277559172
0.09899586245548078,0.236,0.6650041375445193
0.09889514381540465,0.2365,0.6646048561845954
0.09879566822813349,0.237,0.6642043317718666
0.0986004380952832,0.238,0.6633995619047168
0.09850467956709852,0.2385,0.6629953204329015
0.0985,0.23852476784120247,0.6629752321587975
0.09841102972140352,0.239,0.6625889702785965
0.09822748645346249,0.24,0.6617725135465375
0.09813754381511357,0.2405,0.6613624561848865
0.09804881805852518,0.241,0.6609511819414748
0.098,0.24127900153831602,0.660720998461684
0.09796168480016182,0.2415,0.6605383151998381
0.09787623005157817,0.242,0.6601237699484218
0.09770892157976568,0.243,0.6592910784202343
0.09762706445143772,0.2435,0.6588729355485623
0.09754640317176849,0.244,0.6584535968282315
0.09738975265333033,0.245,0.6576102473466697
0.09731342586686971,0.2455,0.6571865741331302
0.09723827795964939,0.246,0.6567617220403507
0.09709151270507481,0.247,0.6559084872949252
0.09701989238664782,0.2475,0.6554801076133521
0.097,0.24764124825941017,0.6553587517405899
0.0969499423211541,0.248,0.6550500576788459
0.0968813487615985,0.2485,0.6546186512384016
0.09681391476318686,0.249,0.6541860852368131
0.09668251999035352,0.25,0.6533174800096465
0.09661855655181789,0.2505,0.6528814434481822
0.09655574734602537,0.251,0.6524442526539747
0.09643424339140741,0.252,0.6515657566085926
0.09637547725032922,0.2525,0.6511245227496707
0.09631784988017716,0.253,0.6506821501198229
0.09620600678734482,0.254,0.6497939932126552
0.09615178879516396,0.2545,0.6493482112048361
0.09609870503476306,0.255,0.648901294965237
0.096,0.2559600368361538,0.6480399631638463
0.09599597635378614,0.256,0.6480040236462139
0.09589870990650395,0.257,0.647101290093496
0.09585175501757541,0.2575,0.6466482449824247
0.09580591773137476,0.258,0.6461940822686252
0.09571759225203037,0.259,0.6452824077479696
0.0956751022620005,0.2595,0.6448248977379996
0.09563372628081425,0.26,0.6443662737191858
0.0955543130169882,0.261,0.6434456869830117
0.0955162741304962,0.2615,0.6429837258695037
0.0955,0.26172042651298894,0.642779573487011
0.09547955309749231,0.262,0.6425204469025076
0.09540973472306692,0.263,0.6415902652769331
0.09537647291149172,0.2635,0.6411235270885083
0.0953443084281829,0.264,0.6406556915718171
0.09528326882034929,0.265,0.6397167311796507
0.09525439244120285,0.2655,0.6392456075587971
0.0952266108810035,0.266,0.6387733891189965
0.095174329964299,0.267,0.637825670035701
0.09514982953924891,0.2675,0.6373501704607512
0.09512642179599261,0.268,0.6368735782040074
0.09508288247243045,0.269,0.6359171175275695
0.095062750008642,0.2695,0.6354372499913579
0.09504370845963105,0.27,0.6349562915403689
0.09500889659246681,0.271,0.6339911034075332
0.095,0.27128213485406405,0.633717865145936
0.0949786632631222,0.272,0.6330213367368778
0.09496520946366158,0.2725,0.6325347905363383
0.09495283373636258,0.273,0.6320471662636374
0.09493131544965673,0.274,0.6310686845503433
0.09492217242228758,0.2745,0.6305778275777123
0.09491410653113044,0.275,0.6300858934688696
0.09490120546914398,0.276,0.629098794530856
0.09489637001039099,0.2765,0.628603629989609
0.09489261111198934,0.277,0.6281073888880107
0.09488832266767876,0.278,0.6271116773323212
0.0948877930136739,0.2785,0.626612206986326
0.09488833970382697,0.279,0.626111660296173
0.09489266214762494,0.28,0.625107337852375
0.09489643797297564,0.2805,0.6246035620270243
0.09490129028590581,0.281,0.6240987097140942
0.09490721917848949,0.2815,0.6235927808215106
0.09492230718343664,0.2825,0.6225776928165634
0.09493146659250216,0.283,0.6220685334074978
0.09494170317464987,0.2835,0.6215582968253501
0.09496540869956067,0.2845,0.6205345913004393
0.09497887811944265,0.285,0.6200211218805574
0.09499342566668027,0.2855,0.6195065743333198
0.095,0.2857104490056333,0.6192895509943668
0.09500914666227818,0.286,0.6189908533377217
0.09502602695822168,0.2865,0.6184739730417783
0.09506306007359694,0.2875,0.6174369399264031
0.09508321370742728,0.288,0.6169167862925726
0.09510445930689637,0.2885,0.6163955406931036
0.09515022828664566,0.2895,0.6153497717133544
0.09517475266701614,0.29,0.6148252473329838
0.09520037101327686,0.2905,0.6142996289867232
0.09525489186026002,0.2915,0.61324510813974
0.09528379554789555,0.292,0.6127162044521044
0.09531379557533043,0.2925,0.6121862044246695
0.09537708728181397,0.2935,0.6111229127181861
0.09541038033592372,0.294,0.6105896196640763
0.09544477248005027,0.2945,0.6100552275199498
0.09551703695982335,0.2955,0.6089829630401766
0.09555513374119076,0.296,0.6084448662588093
0.09559434521085071,0.2965,0.6079056547891493
0.09567611577759776,0.2975,0.6068238842224023
0.09571867671723379,0.298,0.6062813232827662
0.09576235603038794,0.2985,0.605737643969612
0.09585307373335078,0.2995,0.6046469262666493
0.09590011416314553,0.3,0.6040998858368545
0.09594827704657123,0.3005,0.6035517229534287
0.096,0.30102418401579434,0.6029758159842057
0.09604849244554627,0.3015,0.6024515075544538
0.09615382087819555,0.3025,0.6013461791218044
0.09620819649055885,0.303,0.6007918035094411
0.09626371470358085,0.3035,0.6002362852964191
0.09637818409754219,0.3045,0.5991218159024578
0.0964371379267846,0.305,0.5985628620732155
0.09649723965347662,0.3055,0.5980027603465233
0.09662221095844119,0.3065,0.5968777890415589
0.09668645984910408,0.307,0.5963135401508959
0.09675187624100223,0.3075,0.5957481237589978
0.09688621777245482,0.3085,0.5946137822275452
0.09695514610288396,0.309,0.5940448538971161
0.097,0.3093200105046762,0.5936799894953237
0.09702552563615437,0.3095,0.5934744743638456
0.09709758728945159,0.31,0.5929024127105484
0.09717084061969943,0.3105,0.5923291593803006
0.0973209294772653,0.3115,0.5911790705227347
0.09739776866008594,0.312,0.590602231339914
0.097475806831125,0.3125,0.590024193168875
0.09763698975028999,0.3135,0.58886301024971
0.09771954386382878,0.314,0.5882804561361712
0.09780331992320962,0.3145,0.5876966800767904
0.09797454627219497,0.3155,0.5865254537278051
0.098,0.31564561341097613,0.586354386589024
0.09815236922245932,0.3165,0.5853476307775407
0.09824329415934428,0.317,0.5847567058406558
0.09833546989738333,0.3175,0.5841645301026167
0.09852384825460125,0.3185,0.5829761517453987
0.09862087021397972,0.319,0.5823791297860204
0.09871916900418548,0.3195,0.5817808309958145
0.0989196073948031,0.3205,0.5805803926051969
0.099,0.3208935977857415,0.5801064022142586
0.09912660288363535,0.3215,0.5793733971163646
0.09923251444249959,0.322,0.5787674855575005
0.09933973596967399,0.3225,0.578160264030326
0.09955878328510052,0.3235,0.5769412167148995
0.09967122199819786,0.324,0.576328778001802
0.09978500023784048,0.3245,0.5757149997621596
0.1,0.3254288449515954,0.5745711550484046
0.10001677825091353,0.3255,0.5744832217490865
0.10025648911207623,0.3265,0.5732435108879238
0.10037840410175926,0.327,0.5726215958982408
0.1005,0.3274931258633519,0.5720068741366481
0.10050171629206286,0.3275,0.5719982837079371
0.10075535342767306,0.3285,0.5707446465723269
0.1008842814479532,0.329,0.5701157185520469
0.101,0.3294439622305788,0.5695560377694212
0.10101479094090428,0.3295,0.5694852090590957
0.10114808134146654,0.33,0.5688519186585335
0.10128281062248805,0.3305,0.568217189377512
0.10155726572125631,0.3315,0.5669427342787436
0.10169796979777185,0.332,0.5663020302022281
0.1018401498476951,0.3325,0.5656598501523049
0.102,0.33305582292924646,0.5649441770707535
0.10213047958125628,0.3335,0.5643695204187437
0.10242873755624916,0.3345,0.5630712624437508
0.1025,0.3347354672092563,0.5627645327907437
0.10258109801467818,0.335,0.5624189019853219
0.10273585284008648,0.3355,0.5617641471599135
0.103,0.3363416785289759,0.5606583214710241
0.10305062320121429,0.3365,0.5604493767987857
0.10337489370622877,0.3375,0.5591251062937712
0.1035,0.3378803021632643,0.5586196978367357
0.10353989615553269,0.338,0.5584601038444672
0.10370803275806277,0.3385,0.5577919672419372
0.104,0.33935658054900114,0.5566434194509988
0.10404980389917824,0.3395,0.5564501961008217
0.10440178911876671,0.3405,0.5550982108812332
0.1045,0.3407752297132394,0.5547247702867606
0.10458128282634221,0.341,0.5544187171736579
0.10476369121061854,0.3415,0.5537363087893814
0.105,0.34214050435999893,0.552859495640001
0.10513532236803025,0.3425,0.5523646776319697
0.10551711300994472,0.3435,0.5509828869900553
0.10571296898601523,0.344,0.5502870310139848
0.10591063385030015,0.3445,0.5495893661496998
0.106,0.34472415044049276,0.5492758495595073
0.10611149585592052,0.345,0.5488885041440795
0.10631533053178209,0.3455,0.548184669468218
0.1065,0.34594894822887134,0.5475510517711286
0.10652129180884264,0.346,0.5474787081911574
0.10694358101004266,0.347,0.5460564189899574
0.107,0.3471319372625256,0.5458680627374743
0.10737830226817371,0.348,0.5446216977318263
0.1075,0.3482759181039404,0.5442240818960595
0.10760023683298386,0.3485,0.5438997631670162
0.10782574015278139,0.349,0.5431742598472187
0.108,0.3493830756008057,0.5426169243991943
0.10805395005058571,0.3495,0.5424460499494144
0.10828647387451724,0.35,0.5417135261254827
0.10876111370962718,0.351,0.5402388862903729
0.109,0.35149378407159404,0.539506215928406
0.10925030321653724,0.352,0.5387496967834627
0.10949974263806696,0.3525,0.5380002573619331
0.1095,0.3525005121151842,0.5379994878848158
0.10975472164404802,0.353,0.537245278355952
0.11,0.35347679768696477,0.5365232023130353
0.11001211358877112,0.3535,0.5364878864112288
0.11027508655077224,0.354,0.5357249134492278
0.1108121566577776,0.355,0.5341878433422225
0.111,0.3553434213945882,0.5336565786054118
0.1113667349590482,0.356,0.5326332650409519
0.1115,0.3562362778878984,0.5322637221121016
0.11165102949630376,0.3565,0.5318489705036962
0.11193967211739063,0.357,0.5310603278826094
0.112,0.3571037268222152,0.5308962731777849
0.11223405468488423,0.3575,0.5302659453151157
0.1125,0.3579465719169643,0.5295534280830356
0.11253231681239803,0.358,0.529467683187602
0.113,0.35876546300335144,0.5282345369966486
0.11314632961411179,0.359,0.5278536703858883
0.11378191611492978,0.36,0.5262180838850702
0.114,0.3603361547421614,0.5256638452578386
0.11444018610134017,0.361,0.5245598138986598
0.1145,0.3610893787916289,0.524410621208371
0.1147793084100844,0.3615,0.5237206915899155
0.115,0.36182190532663006,0.52317809467337
0.11512412463292723,0.362,0.5228758753670728
0.11547529195820704,0.3625,0.522024708041793
0.1155,0.36253493040774476,0.5219650695922552
0.11583449971905434,0.363,0.5211655002809457
0.116,0.36322832992386195,0.520771670076138
0.1162002630417165,0.3635,0.5202997369582836
0.1165,0.3639034995692834,0.5195965004307166
0.11657291757700004,0.364,0.519427082423
0.117,0.3645606034026361,0.5184393965973639
0.1173427830342809,0.365,0.5176572169657191
0.1175,0.36520001018105613,0.5172999898189439
0.11773996758905807,0.3655,0.516760032410942
0.118,0.365822637941471,0.516177362058529
0.1181455002108305,0.366,0.5158544997891695
0.11898365799877314,0.367,0.5140163420012269
0.119,0.3670191423154467,0.5139808576845533
0.11941805501900041,0.3675,0.5130819449809996
0.1195,0.3675935637387459,0.5129064362612541
0.11986259042754412,0.368,0.5121374095724559
0.12,0.36815290177974763,0.5118470982202523
0.12078431081662848,0.369,0.5102156891833716
0.121,0.3692278092829527,0.5097721907170474
0.12126270697308555,0.3695,0.5092372930269145
0.1215,0.3697440937046374,0.5087559062953626
0.12175367045166005,0.37,0.5082463295483399
0.122,0.3702467253623126,0.5077532746376874
0.12277621029601088,0.371,0.5062237897039892
0.123,0.3712123540750366,0.5057876459249634
0.12330937428812189,0.3715,0.5051906257118781
0.1235,0.37167599045784855,0.5048240095421515
0.1238582908027134,0.372,0.5041417091972866
0.124,0.372127253327642,0.503872746672358
0.125,0.372993816810717,0.502006183189283
0.12500738942169,0.373,0.50199261057831
0.1255,0.373409343569097,0.501090656430903
0.12561152745248835,0.3735,0.5008884725475116
0.126,0.373813598457441,0.500186401542559
0.12688257225524205,0.3745,0.498617427744758
0.127,0.3745893655746367,0.4984106344253633
0.1275,0.3749612279334817,0.49753877206651836
0.1275533461163527,0.375,0.4974466538836473
0.128,0.3753224255808292,0.4966775744191708
0.12825198470289384,0.3755,0.4962480152971062
0.129,0.37601497866744477,0.49498502133255523
0.1295,0.3763461467687851,0.49415385323121497
0.12973825718529627,0.3765,0.4937617428147037
0.13,0.3766678884958521,0.4933321115041479
0.1305,0.3769804073898745,0.49251959261012546
0.13053214607764116,0.377,0.4924678539223588
0.131,0.3772832539330621,0.4917167460669379
0.13136783694988138,0.3775,0.4911321630501186
0.1315,0.3775773606510496,0.4909226393489505
0.132,0.3778623569594526,0.4901376430405474
0.133,0.37840643369628796,0.48859356630371203
0.13317973778411707,0.3785,0.4883202622158829
0.1335,0.37866562666791054,0.4878343733320895
0.134,0.3789166763297487,0.4870833236702513
0.1341709068142411,0.379,0.48682909318575884
0.1345,0.3791593995498448,0.48634060045015515
0.135,0.3793942349425244,0.4856057650574756
0.135232277218377,0.3795,0.48526772278162306
0.1355,0.37962111405726046,0.4848788859427396
0.136,0.3798402192580014,0.4841597807419986
0.137,0.3802557003017681,0.4827442996982319
0.1375,0.3804524841592258,0.48204751584077427
0.13762494758815935,0.3805,0.48187505241184064
0.138,0.3806417119848766,0.48135828801512337
0.1385,0.38082387684342733,0.4806761231565726
0.139,0.38099924958986325,0.48000075041013673
0.13900221941330534,0.381,0.4799977805866946
0.1395,0.3811672316362264,0.47933276836377364
0.14,0.3813286000386183,0.4786713999613817
0.1405,0.38148343269464585,0.4780165673053541
0.1405557136457075,0.3815,0.4779442863542925
0.141,0.3816312770429151,0.4773687229570849
0.1415,0.38177269332801,0.47672730667199004
0.142,0.3819078197012591,0.4760921802987409
0.14235730418364792,0.382,0.4756426958163521
0.1425,0.38203658153631204,0.475463418463688
0.143,0.3821588541914856,0.4748411458085144
0.1435,0.38227507275749173,0.4742249272425083
0.144,0.3823853054875986,0.4736146945124014
0.1445,0.38248961984851393,0.4730103801514861
0.1445526004379584,0.3825,0.4729473995620416
0.145,0.38258773636075905,0.47241226363924094
0.1455,0.3826800498330711,0.47181995016692896
0.146,0.3827666659429109,0.47123333405708906
0.1465,0.3828476487896529,0.47065235121034715
0.147,0.382923061743799,0.470076938256201
0.1475,0.38299296745701916,0.4695070325429809
0.1475544356272851,0.383,0.4694455643727149
0.148,0.3830572044473746,0.46894279555262536
0.1485,0.38311605144794764,0.4683839485520524
0.149,0.3831695960975667,0.4678304039024333
0.1495,0.383217897969605,0.46728210203039505
0.15,0.3832610159704411,0.4667389840295589
0.1505,0.3832990083484869,0.46620099165151313
0.151,0.3833319327030654,0.46566806729693455
0.1515,0.38335984599314665,0.4651401540068534
0.152,0.3833828045459409,0.46461719545405905
0.1525,0.3834008640653544,0.46409913593464563
0.153,0.38341407964030727,0.4635859203596927
0.1535,0.3834225057529216,0.46307749424707845
0.154,0.3834261962865733,0.46257380371342666
0.1545,0.38342520453382156,0.46207479546617847
0.155,0.3834195832042072,0.46158041679579276
0.1555,0.38340938443193195,0.4610906155680681
0.156,0.38339465978341153,0.46060534021658844
0.1565,0.3833754602647157,0.46012453973528433
0.157,0.38335183632888564,0.45964816367111433
0.1575,0.38332383788314184,0.4591761621168582
0.158,0.38329151429597474,0.4587084857040252
0.1585,0.38325491440413045,0.4582450855958696
0.159,0.38321408651948263,0.45778591348051734
0.1595,0.3831690784358023,0.45733092156419775
0.16,0.3831199374354205,0.45688006256457947
0.1605,0.38306671029579065,0.4564332897042094
0.161,0.3830094432959483,0.45599055670405164
0.16107692262893425,0.383,0.45592307737106574
0.1615,0.3829479853454919,0.4555520146545081
0.162,0.3828825281768455,0.4551174718231545
0.1625,0.382813152737113,0.454686847262887
0.163,0.38273990358271415,0.4542600964172858
0.1635,0.38266282479975067,0.45383717520024935
0.164,0.382581960009938,0.45341803999006197
0.1644843181844316,0.3825,0.45301568181556845
0.1645,0.3824973423413167,0.4530026576586833
0.165,0.38240870020132117,0.4525912997986788
0.1655,0.38231638700094384,0.4521836129990562
0.166,0.3822204447561305,0.4517795552438695
0.1665,0.3821209150442348,0.45137908495576523
0.167,0.3820178390094751,0.45098216099052485
0.1670835247881611,0.382,0.45091647521183886
0.1675,0.3819109218129287,0.45058907818707133
0.168,0.38180045946958774,0.4501995405304122
0.1685,0.3816865595578759,0.4498134404421241
0.169,0.3815692617234346,0.4494307382765654
0.16928673491016247,0.3815,0.44921326508983755
0.1695,0.3814484109524424,0.4490515890475576
0.17,0.3813239666337549,0.44867603336624506
0.1705,0.3811962294059215,0.4483037705940785
0.171,0.38106523747998244,0.4479347625200175
0.17124275295697064,0.381,0.4477572470430293
0.1715,0.38093076810541393,0.4475692318945861
0.172,0.3807928615507568,0.44720713844924326
0.1725,0.38065180173209356,0.44684819826790645
0.173,0.38050762548645367,0.4464923745135463
0.17302583454708598,0.3805,0.446474165452914
0.1735,0.3803598419820798,0.44614015801792023
0.174,0.38020897534947246,0.4457910246505276
0.1745,0.3800550902971744,0.44544490970282563
0.1755,0.3797374192007538,0.4447625807992462
0.176,0.3795740778253952,0.44442592217460486
0.17622252832000684,0.3795,0.44427747167999315
0.1765,0.379407499909031,0.444092500090969
0.177,0.3792377781807555,0.44376222181924446
0.1775,0.37906522701174233,0.4434347729882577
0.17768572011765194,0.379,0.44331427988234806
0.178,0.3788894636081689,0.4431105363918312
0.1785,0.37871068173589095,0.44278931826410906
0.179,0.3785291615366403,0.44247083846335966
0.17907898979973924,0.3785,0.44242101020026076
0.1795,0.3783443490457756,0.44215565095422443
0.18,0.37815674436792235,0.4418432556320777
0.18041176350199384,0.378,0.44158823649800616
0.1805,0.3779663633138969,0.4415336366861031
0.1815,0.3775765661171249,0.4409234338828751
0.18169233233980644,0.3775,0.4408076676601936
0.182,0.377377344619206,0.44062265538079404
0.1825,0.3771752930354482,0.4403247069645518
0.1829283188403193,0.377,0.44007168115968076
0.183,0.3769706218784677,0.44002937812153226
0.1835,0.376762798755568,0.439737201244432
0.184,0.3765525205712249,0.43944747942877516
0.18412324036975353,0.3765,0.4393767596302465
0.1845,0.37633920892860073,0.43916079107139927
0.1855,0.3759046472159912,0.4385953527840088
0.186,0.375683179219138,0.43831682078086204
0.18640909143000192,0.3755,0.43809090856999805
0.1865,0.3754592353316632,0.4380407646683368
0.187,0.37523229347913134,0.4377677065208686
0.1875,0.375003081322272,0.437496918677728
0.18750664089117008,0.375,0.4374933591088299
0.188,0.3747707566351367,0.43722924336486335
0.1885,0.37453620003610083,0.43696379996389917
0.18857629880573773,0.3745,0.4369237011942622
0.1895,0.3740588620907608,0.4364411379092392
0.1896214140162664,0.374,0.4363785859837336
0.19,0.37381619538460714,0.4361838046153929
0.1905,0.3735711815509524,0.4359288184490476
0.19064378498592313,0.3735,0.43585621501407684
0.191,0.37332339937530673,0.4356766006246932
0.1915,0.3730732707336601,0.4354267292663399
0.19164503172742395,0.373,0.435354968272576
0.192,0.3728204091301739,0.43517959086982616
0.1925,0.37256524024398924,0.43493475975601076
0.19262661754660323,0.3725,0.43487338245339674
0.1935,0.37204719901007843,0.43445280098992156
0.19358986768012482,0.372,0.43441013231987513
0.194,0.37178428381117734,0.4342157161888227
0.1945,0.37151925431711813,0.43398074568288186
0.19453598533293234,0.3715,0.43396401466706763
0.195,0.37125136355455834,0.4337486364454416
0.1954656672639577,0.371,0.43353433273604236
0.1955,0.37098144042098646,0.43351855957901353
0.196,0.370708678762996,0.43329132123700403
0.19637974519020526,0.3705,0.4331202548097947
0.1965,0.37043382062745256,0.43306617937254743
0.1975,0.3698765719798018,0.4326234280201982
0.198,0.36959442777985885,0.4324055722201412
0.19816603941477545,0.3695,0.4323339605852245
0.1985,0.36930979573469225,0.43219020426530774
0.199,0.3690230638889859,0.431976936111014
0.19903989168488787,0.369,0.4319601083151121
0.1995,0.3687335916589804,0.4317664083410196
0.19990082178924312,0.3685,0.43159917821075694
0.2,0.36844211546786987,0.4315578845321302
0.2005,0.3681480580589924,0.43135194194100757
0.2015,0.3675532918090711,0.4309467081909289
0.2015886162881507,0.3675,0.4309113837118493
0.202,0.36725223695675363,0.4307477630432464
0.20241627183521033,0.367,0.43058372816478974
0.2025,0.36694919008173654,0.43055080991826344
0.203,0.3666435877422411,0.43035641225775884
0.20323344299298401,0.3665,0.43026655700701594
0.2035,0.36633580005236727,0.4301641999476327
0.204,0.3660259236943624,0.42997407630563766
0.20404153458640073,0.366,0.4299584654135993
0.2045,0.3657134231368674,0.4297865768631326
0.20483948728364137,0.3655,0.4296605127163586
0.205,0.365398940366338,0.429601059633662
0.2055,0.3650821509439405,0.4294178490560595
0.20562884044933497,0.365,0.42937115955066507
0.206,0.3647629868591942,0.4292370131408058
0.2064095670464267,0.3645,0.42909043295357324
0.2065,0.36444184460811724,0.42905815539188275
0.207,0.36411825491209693,0.4288817450879031
0.2071816621207081,0.364,0.4288183378792919
0.2075,0.3637924615632076,0.4287075384367924
0.20794621356218687,0.3635,0.4285537864378131
0.208,0.3634646933083065,0.42853530669169354
0.2085,0.36313441426657367,0.4283655857334263
0.2087023762147162,0.363,0.4282976237852838
0.209,0.36280202381878535,0.4281979761812147
0.20945170734822613,0.3625,0.42804829265177385
0.2095,0.36246766094475275,0.42803233905524724
0.21,0.362130801683119,0.427869198316881
0.21019312809669125,0.362,0.4278068719033088
0.2105,0.3617918442338944,0.4277081557661056
0.21092810874408094,0.3615,0.42757189125591905
0.211,0.36145091606275676,0.4275490839372433
0.2115,0.36110758396389064,0.42739241603610933
0.21165585960989805,0.361,0.42734414039010193
0.212,0.3607620875710479,0.42723791242895215
0.2123772841191984,0.3605,0.4271227158808016
0.2125,0.36041462138959335,0.42708537861040663
0.213,0.36006492215026187,0.42693507784973816
0.21309233289881263,0.36,0.42690766710118744
0.2135,0.359712912858215,0.426787087141785
0.21380092841683862,0.3595,0.4266990715831614
0.214,0.35935893394354296,0.4266410660564571
0.2145,0.35900297163021333,0.42649702836978665
0.21450415095552983,0.359,0.42649584904447013
0.215,0.35864447349437384,0.4263555265056262
0.21520058461833927,0.3585,0.4262994153816608
0.2155,0.35828400513761083,0.42621599486238915
0.21589192843558966,0.358,0.42610807156441033
0.216,0.35792156451466517,0.42607843548533486
0.2165,0.35755691734987627,0.4259430826501237
0.21657766060781364,0.3575,0.42592233939218643
0.217,0.3571899808781097,0.4258100191218903
0.2172576864491822,0.357,0.4257423135508178
0.2175,0.35682107047380446,0.4256789295261955
0.21793293377873202,0.3565,0.425567066221268
0.218,0.35645018366760667,0.42554981633239336
0.2185,0.35607700165826234,0.42542299834173763
0.21860269963494952,0.356,0.4253973003650505
0.219,0.3557016400936997,0.4252983599063003
0.21926738433026388,0.3555,0.4252326156697361
0.2195,0.3553242993889783,0.42517570061102167
0.2199275709628555,0.355,0.4250724290371445
0.22,0.3549449766442907,0.4250550233557093
0.2205,0.35456340661866675,0.4249365933813332
0.2205827191702159,0.3545,0.42491728082978414
0.221,0.35417962794824615,0.4248203720517539
0.22123302150194005,0.354,0.42476697849806
0.2215,0.3537938634219077,0.42470613657809225
0.22187907916993946,0.3535,0.4246209208300606
0.222,0.3534061097021701,0.4245938902978299
0.2225,0.353016295457099,0.42448370454290096
0.22252080715352343,0.353,0.4244791928464766
0.223,0.35262410240678604,0.424375897593214
0.2231575916008256,0.3525,0.4243424083991744
0.2235,0.3522299152617241,0.4242700847382759
0.22379036099942165,0.352,0.4242096390005784
0.224,0.3518337302386546,0.4241662697613454
0.2244191739946526,0.3515,0.4240808260053474
0.2245,0.35143554342618044,0.4240644565738195
0.225,0.35103520270334865,0.4239647972966514
0.22504378354287127,0.351,0.4239562164571288
0.2255,0.3506325888496549,0.42386741115034504
0.22566402541746736,0.3505,0.4238359745825327
0.226,0.3502279668834907,0.4237720331165093
0.22628051430782628,0.35,0.42371948569217377
0.2265,0.34982133243500746,0.4236786675649925
0.22689330238277328,0.3495,0.42360669761722675
0.227,0.3494126810012331,0.4235873189987669
0.2275,0.349001999448985,0.42349800055101494
0.22750242426864375,0.349,0.42349757573135627
0.228,0.34858892955930265,0.42341107044069737
0.22810726131931722,0.3485,0.4233927386806828
0.2285,0.34817383491268333,0.42332616508731663
0.22870857846508594,0.348,0.42329142153491406
0.229,0.34775671053337454,0.4232432894666255
0.22930642227700315,0.3475,0.42319357772299687
0.2295,0.3473375513069623,0.42316244869303765
0.22990083825468186,0.347,0.42309916174531814
0.23,0.34691635197887843,0.4230836480211216
0.23049187085602318,0.3465,0.42300812914397684
0.2305,0.3464931071528688,0.42300689284713117
0.231,0.346067519787918,0.422932480212082
0.23107905397069217,0.346,0.42292094602930785
0.2315,0.34563985317505713,0.42286014682494283
0.23166291457542046,0.3455,0.4228370854245796
0.232,0.34521013111198035,0.42278986888801967
0.23224354580309764,0.345,0.42275645419690244
0.2325,0.34477834770421456,0.4227216522957854
0.23282098751826028,0.3445,0.4226790124817397
0.233,0.34434449690917807,0.42265550309082195
0.23339527869989204,0.344,0.42260472130010795
0.2335,0.34390857253445734,0.4225914274655426
0.23396645746496883,0.3435,0.42253354253503117
0.234,0.3434705682360464,0.42252943176395363
0.2345,0.3430303443611391,0.42246965563886096
0.23453434855014577,0.343,0.4224656514498542
0.235,0.3425879068358188,0.4224120931641812
0.2350990166596849,0.3425,0.42240098334031506
0.2355,0.3421433771561732,0.42235662284382675
0.23566070426511007,0.342,0.4223392957348899
0.236,0.3416967484502823,0.4223032515497177
0.2362194456817935,0.3415,0.42228055431820644
0.2365,0.34124801368722446,0.4222519863127756
0.2367752744871227,0.341,0.4222247255128772
0.237,0.3407971656750982,0.4222028343249018
0.2373282235393238,0.3405,0.42217177646067616
0.2375,0.3403441970590022,0.42215580294099775
0.23787832499570138,0.34,0.4221216750042986
0.238,0.33988910031896524,0.42211089968103477
0.238425610330317,0.3395,0.4220743896696829
0.2385,0.33943186776783296,0.4220681322321671
0.2389701103511244,0.339,0.4220298896488756
0.239,0.3389724915491029,0.4220275084508971
0.2395,0.338510914491833,0.42198908550816694
0.23951178615390128,0.3385,0.42198821384609864
0.24,0.33804706327029094,0.42195293672970907
0.24005057957949344,0.338,0.4219494204205066
0.2405,0.3375810525516255,0.42191894744837455
0.24058669410218445,0.3375,0.4219133058978155
0.241,0.337112873897246,0.42188712610275403
0.2411201575945371,0.337,0.4218798424054629
0.2415,0.3366425186901059,0.42185748130989403
0.24165099735354972,0.3365,0.4218490026464503
0.242,0.33616997813228056,0.42183002186771945
0.2421792401145201,0.336,0.4218207598854799
0.2425,0.3356952432424926,0.42180475675750745
0.24270491206450495,0.3355,0.42179508793549503
0.243,0.33521830485358034,0.42178169514641967
0.24322803885538383,0.335,0.4217719611446162
0.2435,0.3347391536099116,0.4217608463900884
0.2437486456165434,0.3345,0.42175135438345657
0.244,0.3342577799647358,0.4217422200352642
0.24426675696719147,0.334,0.4217332430328085
0.2445,0.33377417417747873,0.4217258258225213
0.24478239702831725,0.3335,0.4217176029716827
0.245,0.3332883263109749,0.4217116736890251
0.24529558943430785,0.333,0.42170441056569213
0.2455,0.33280022622864,0.42169977377136
0.2458063573442321,0.3325,0.4216936426557679
0.246,0.3323098635915763,0.4216901364084237
0.24631472345280167,0.332,0.4216852765471983
0.2465,0.33181722785561474,0.4216827721443853
0.24682071000102349,0.3315,0.4216792899989765
0.247,0.3313223082682888,0.4216776917317112
0.24732433878655097,0.331,0.42167566121344907
0.2475,0.3308250938657427,0.42167490613425723
0.2478256311737439,0.3305,0.4216743688262561
0.248,0.330325573469566,0.421674426530434
0.24832460810344678,0.33,0.4216753918965532
0.2485,0.3298237356835585,0.42167626431644156
0.24882129010249576,0.3295,0.4216787098975042
0.249,0.3293195688904213,0.4216804311095787
0.24931569729296166,0.329,0.4216843027070383
0.2495,0.3288130612483739,0.42168693875162605
0.24980784940113832,0.3285,0.42169215059886167
0.25,0.32830420068769206,0.42169579931230794
0.2502977657662823,0.328,0.4217022342337176
0.2505,0.32779297490716836,0.4217070250928317
0.2507854653491156,0.3275,0.4217145346508844
0.251,0.32727937137049107,0.42172062862950893
0.2512709667400953,0.327,0.4217290332599047
0.2515,0.3267633773025428,0.42173662269745715
0.2517542881674606,0.3265,0.4217457118325394
0.252,0.32624497968561067,0.42175502031438933
0.25223544750505916,0.326,0.42176455249494077
0.2525,0.3257241652555124,0.42177583474448765
0.25271446227996697,0.3255,0.421785537720033
0.253,0.32520092049763166,0.42179907950236833
0.253191349679901,0.325,0.421808650320099
0.2535,0.3246752316428648,0.4218247683571351
0.2536661265604365,0.3245,0.42183387343956347
0.254,0.32414708466347136,0.42185291533652863
0.25413880945203055,0.324,0.4218611905479695
0.2545,0.3236164652688299,0.42188353473117013
0.25460941456686104,0.3235,0.42189058543313895
0.255,0.3230833589010952,0.4219166410989048
0.25507795780548453,0.323,0.4219220421945155
0.2555,0.322547750730757,0.42195224926924296
0.2555444547633217,0.3225,0.42195554523667833
0.256,0.3220096256520915,0.4219903743479085
0.25600892073696985,0.322,0.4219910792630302
0.256471227486474,0.3215,0.422028772513526
0.2565,0.321468812057928,0.42203118794207206
0.25693147976088176,0.321,0.4220685202391183
0.257,0.320925387885285,0.422074612114715
0.2573897369946649,0.3205,0.42211026300533505
0.2575,0.32037938522212334,0.4221206147778766
0.25784601351898645,0.32,0.4221539864810136
0.258,0.31983078756868694,0.42216921243131306
0.2583003233910107,0.3195,0.42219967660898927
0.2585,0.3192795781193159,0.42222042188068415
0.2587526803994234,0.319,0.42224731960057665
0.259,0.3187257397570914,0.4222742602429086
0.2592030980698134,0.3185,0.42229690193018654
0.2595,0.3181692550483568,0.42233074495164313
0.2596515896699147,0.318,0.42234841033008524
0.26,0.3176101062371039,0.4223898937628961
0.2600981682147164,0.3175,0.4224018317852837
0.2605,0.317048275239228,0.42245172476077203
0.26054284647144393,0.317,0.4224571535285561
0.2609855676311088,0.3165,0.4225144323688912
0.261,0.316483658648504,0.422516341351496
0.2614261988574458,0.316,0.4225738011425542
0.262,0.31534569475319024,0.42265430524680975
0.26230186303508884,0.315,0.42269813696491115
0.2625,0.3147725597456183,0.42272744025438175
0.2627369196695143,0.3145,0.4227630803304857
0.263,0.31419662932431486,0.42280337067568513
0.26317014141407635,0.314,0.42282985858592365
0.264,0.31303629988371906,0.4229637001162809
0.26403112515633276,0.313,0.42296887484366724
0.26445871592054954,0.3125,0.4230412840794504
0.2645,0.3124515988852875,0.42304840111471254
0.2648843630292934,0.312,0.4231156369707066
0.265,0.3118638038798139,0.4231361961201861
0.26573030897478994,0.311,0.42326969102521
0.266,0.3106794273427691,0.4233205726572309
0.2661506283246911,0.3105,0.42334937167530895
0.2665,0.3100827997423541,0.42341720025764595
0.26656919194067935,0.31,0.4234308080593206
0.2669859450050175,0.3095,0.4235140549949825
0.267,0.3094830880565798,0.42351691194342017
0.26740063597496794,0.309,0.4235993640250321
0.2675,0.30887988358655166,0.42362011641344827
0.2678135950027275,0.3085,0.4236864049972725
0.268,0.3082736178812836,0.4237263821187164
0.268224831398233,0.308,0.42377516860176706
0.2685,0.30766426549965054,0.4238357345003495
0.2686343542910682,0.3075,0.4238656457089318
0.269,0.30705180052193437,0.4239481994780656
0.26904217263368724,0.307,0.42395782736631277
0.2694480606825619,0.3065,0.4240519393174381
0.2695,0.30643583402978836,0.42406416597021157
0.269852065110535,0.306,0.42414793488946506
0.27,0.30581638503792025,0.42418361496207974
0.2702543864420639,0.3055,0.4242456135579361
0.2705,0.3051937187831063,0.42430628121689373
0.2706550330314572,0.305,0.4243449669685428
0.271,0.3045678068643747,0.4244321931356253
0.27105401306886345,0.3045,0.42444598693113655
0.27145111683286977,0.304,0.4245488831671303
0.272,0.3033049981513849,0.4246950018486151
0.27223988306311264,0.303,0.42476011693688737
0.2725,0.30266837238073585,0.4248316276192642
0.2726318035146139,0.3025,0.4248681964853861
0.273,0.30202835513009135,0.4249716448699086
0.27302209221288215,0.302,0.4249779077871179
0.27379691403630146,0.301,0.42520308596369855
0.274,0.30073645315327824,0.42526354684672174
0.2741818518629229,0.3005,0.42531814813707713
0.2745,0.3000851590373863,0.4254148409626137
0.27456518291769044,0.3,0.4254348170823095
0.2749466818847725,0.2995,0.42555331811522745
0.275,0.2994298906421299,0.4255701093578701
0.2753262982549276,0.299,0.4256737017450724
0.2755,0.29877049125239885,0.42572950874760107
0.27570432466598427,0.2985,0.42579567533401574
0.276,0.2981074389753493,0.4258925610246507
0.2760807675750041,0.298,0.4259192324249959
