'p1','p2','p3'
0.03342019424825224,0.2105,0.7560798057517477
0.033465675010608355,0.21,0.7565343249893917
0.0335,0.20962537459749755,0.7568746254025025
0.03351168685883651,0.2095,0.7569883131411634
0.033558635542022625,0.209,0.7574413644579774
0.033605922845431846,0.2085,0.7578940771545681
0.033653550044830796,0.208,0.7583464499551692
0.033701518426127466,0.2075,0.7587984815738725
0.03374982928546602,0.207,0.759250170714534
0.033798483929323046,0.2065,0.7597015160706769
0.03384748367460465,0.206,0.7601525163253954
0.03389682984874499,0.2055,0.760603170151255
0.033946523789805866,0.205,0.7610534762101941
0.033996566846577765,0.2045,0.7615034331534222
0.034,0.20446593975833355,0.7615340602416665
0.03404776939139065,0.204,0.7619522306086094
0.03409938880316037,0.2035,0.7624006111968397
0.034203706400142406,0.2025,0.7632962935998576
0.03425640742713721,0.202,0.7637435925728628
0.03430947185350048,0.2015,0.7641905281464995
0.03441669671540684,0.2005,0.7650833032845932
0.03447086008604144,0.2,0.7655291399139585
0.0345,0.1997328339352783,0.7657671660647217
0.03452582446886226,0.1995,0.7659741755311378
0.03458166122628952,0.199,0.7664183387737105
0.034637876382966476,0.1985,0.7668621236170335
0.03475144809271225,0.1975,0.7677485519072877
0.034808807776958,0.197,0.768191192223042
0.03486655212306033,0.1965,0.7686334478769397
0.0349832012061042,0.1955,0.7695167987938958
0.035,0.19535742530132352,0.7696425746986765
0.03504281593666481,0.195,0.7699571840633352
0.03510311012604106,0.1945,0.7703968898739589
0.03522489766181849,0.1935,0.7712751023381815
0.03528639440560974,0.193,0.7717136055943903
0.03534829542192175,0.1925,0.7721517045780782
0.03547331722425569,0.1915,0.7730266827757443
0.0355,0.19128866142306097,0.773211338576939
0.03560163387058596,0.1905,0.773898366129414
0.035666641967503944,0.19,0.774333358032496
0.035732071601718984,0.1895,0.774767928398281
0.0358642029073986,0.1885,0.7756357970926014
0.03593090833100301,0.188,0.776069091668997
0.03599804279651435,0.1875,0.7765019572034857
0.03613579317813508,0.1865,0.7773642068218649
0.03620534595673512,0.186,0.777794654043265
0.03627534243680257,0.1855,0.7782246575631975
0.036416674572660394,0.1845,0.7790833254273396
0.03648801430770958,0.184,0.7795119856922905
0.0365,0.1839165316264645,0.7795834683735355
0.03656077299298147,0.1835,0.7799392270070186
0.036634186534365794,0.183,0.7803658134656342
0.03670806322970789,0.1825,0.7807919367702921
0.03685721471264194,0.1815,0.7816427852873581
0.03693249386264348,0.181,0.7820675061373565
0.037,0.18055442607122735,0.7824455739287726
0.037008376644571135,0.1805,0.7824916233554289
0.03716374644174976,0.1795,0.7833362535582502
0.03724215917601341,0.179,0.7837578408239867
0.037321060225285536,0.1785,0.7841789397747144
0.03748033666621483,0.1775,0.7850196633337851
0.0375,0.1773776951306502,0.7851223048693499
0.037643830658163,0.1765,0.785856169341837
0.03772649348117501,0.176,0.7862735065188251
0.037809666640936296,0.1755,0.7866903333590637
0.03797755403212752,0.1745,0.7875224459678725
0.038,0.17436753782302478,0.7876324621769752
0.038063245559247054,0.174,0.787936754440753
0.03814981588086245,0.1735,0.7883501841191376
0.03832455209375352,0.1725,0.7891754479062465
0.038412723337863074,0.172,0.789587276662137
0.0385,0.17150808118383182,0.7899919188161681
0.03850145574829403,0.1715,0.789998544251706
0.03859208548795226,0.171,0.7904079145120477
0.038683267842673064,0.1705,0.790816732157327
0.03877500564191203,0.17,0.7912249943580879
0.03886730174125861,0.1695,0.7916326982587414
0.0389601590227419,0.169,0.7920398409772581
0.039,0.16878678059399485,0.7922132194060051
0.0390543983683125,0.1685,0.7924456016316875
0.039149821351938216,0.168,0.7928501786480617
0.0392458226837539,0.1675,0.7932541773162461
0.039342405398021,0.167,0.7936575946019789
0.0394395725574524,0.1665,0.7940604274425476
0.0395,0.166190935993894,0.794309064006106
0.03953789092855099,0.166,0.794462109071449
0.03963772113833318,0.1655,0.7948622788616668
0.039738153763490436,0.165,0.7952618462365095
0.039839192029576635,0.1645,0.7956608079704234
0.039940839192785606,0.164,0.7960591608072144
0.04,0.1637107450193703,0.7962892549806296
0.040043742417727735,0.1635,0.7964562575822722
0.04014815391801094,0.163,0.796851846081989
0.04025319314175607,0.1625,0.797246806858244
0.0403588635194923,0.162,0.7976411364805077
0.04046516851477153,0.1615,0.7980348314852285
0.0405,0.16133716171539197,0.798162838284608
0.040573177607710585,0.161,0.7984268223922893
0.04068235239801064,0.1605,0.7988176476019894
0.04079218154446395,0.16,0.799207818455536
0.040902668697425794,0.1595,0.7995973313025743
0.041,0.15906216396998174,0.7999378360300182
0.04101401970465863,0.159,0.7999859802953413
0.04112746966920129,0.1585,0.8003725303307987
0.041241598189483704,0.158,0.8007584018105163
0.041356409113850724,0.1575,0.8011435908861493
0.04147190632862206,0.157,0.8015280936713779
0.0415,0.1568791123594895,0.8016208876405105
0.04158936945223859,0.1565,0.8019106305477615
0.04170794326228752,0.156,0.8022920567377124
0.04182722493903652,0.1555,0.8026727750609635
0.04194721858130177,0.155,0.8030527814186982
0.042,0.15478138465778485,0.8032186153422152
0.042068902200875245,0.1545,0.8034310977991248
0.042192072804338863,0.154,0.8038079271956611
0.042315977862442455,0.1535,0.8041840221375576
0.042440621699523166,0.153,0.8045593783004769
0.0425,0.15276323430786096,0.804736765692139
0.04256694573397661,0.1525,0.8049330542660235
0.042694870517424155,0.152,0.8053051294825758
0.04282355753323268,0.1515,0.8056764424667674
0.042953011345230004,0.151,0.80604698865477
0.043,0.15081960047952928,0.8061803995204707
0.04308440672767237,0.1505,0.8064155932723277
0.04321724927559697,0.15,0.806782750724403
0.04335088309235823,0.1495,0.8071491169076418
0.043485312996270654,0.149,0.8075146870037293
0.0435,0.14894570228244983,0.8075542977175502
0.04362222229835306,0.1485,0.8078777777016469
0.04376015272957414,0.148,0.8082398472704259
0.04389890479873177,0.1475,0.8086010952012682
0.044,0.14713786811456492,0.808862131885435
0.044039014455281064,0.147,0.808960985544719
0.044181361684102964,0.1465,0.8093186383158971
0.044324557011329035,0.146,0.8096754429886709
0.04446860575739752,0.1455,0.8100313942426025
0.0445,0.14539168517117665,0.8101083148288234
0.0446150645918393,0.145,0.8103849354081607
0.04476282803285511,0.1445,0.8107371719671449
0.04491147254733923,0.144,0.8110885274526608
0.045,0.14370399811199017,0.8112960018880098
0.04506182990811852,0.1435,0.8114381700918816
0.045214290239668754,0.143,0.8117857097603313
0.0453676603063289,0.1425,0.8121323396936712
0.0455,0.1420711288079935,0.8124288711920065
0.045522240545114764,0.142,0.8124777594548852
0.045679530631534446,0.1415,0.8128204693684656
0.04583776016859527,0.141,0.8131622398314047
0.04615915150652481,0.14,0.8138408484934752
0.04632237874488488,0.1395,0.8141776212551151
0.046486582691867555,0.139,0.8145134173081324
0.0465,0.13895939225530612,0.814540607744694
0.0466537711670433,0.1385,0.8148462288329568
0.04682213883823534,0.138,0.8151778611617646
0.04716402465916511,0.137,0.8158359753408349
0.04733768019371016,0.1365,0.8161623198062897
0.0475,0.13603543169413146,0.8164645683058686
0.04751253869679489,0.136,0.816487461303205
0.047690564547645795,0.1355,0.8168094354523543
0.04786966028449641,0.135,0.8171303397155036
0.04823406172911538,0.134,0.8177659382708846
0.04841875513693667,0.1335,0.8180812448630632
0.0485,0.13328138891024538,0.8182186110897547
0.048605895234116195,0.133,0.8183941047658838
0.04879520628615783,0.1325,0.8187047937138421
0.0489856601972547,0.132,0.8190143398027453
0.04937470838517667,0.131,0.8196252916148233
0.0495,0.13068101712688687,0.8198189828731132
0.04977203480674491,0.13,0.8202279651932551
0.049973299221166285,0.1295,0.8205267007788337
0.05,0.12943407537658394,0.820565924623416
0.05017797364558128,0.129,0.8208220263544187
0.0505,0.12822105112141383,0.8212789488785862
0.05059286521131265,0.128,0.8214071347886873
0.05101705617442033,0.127,0.8219829438255797
0.051233612011722586,0.1265,0.8222663879882774
0.05145149010211345,0.126,0.8225485098978865
0.0515,0.1258893650619628,0.8226106349380372
0.051672777206168474,0.1255,0.8228272227938316
0.051896012298948684,0.125,0.8231039877010513
0.05235078199424792,0.124,0.8236492180057521
0.0525,0.12367579105508013,0.8238242089449199
0.05281617228608698,0.123,0.8241838277139131
0.053,0.12261013113563708,0.8243898688643628
0.05305253866209728,0.1225,0.8244474613379027
0.05329256383774,0.122,0.82470743616226
0.0535,0.12157054664996958,0.8249294533500304
0.05353447343096013,0.1215,0.8249655265690399
0.053780345158821075,0.121,0.825219654841179
0.054279912895878746,0.12,0.8257200871041213
0.0545,0.11956576058125341,0.8259342394187466
0.054791672132983055,0.119,0.8262083278670169
0.055,0.11859870978066238,0.8264012902193376
0.05505183013801177,0.1185,0.8264481698619883
0.05531603670287125,0.118,0.8266839632971288
0.0555,0.11765403362334624,0.8268459663766538
0.05558283466685877,0.1175,0.8269171653331413
0.055853429509247286,0.117,0.8271465704907527
0.05640428286086116,0.116,0.8275957171391388
0.0565,0.11582840085606905,0.827671599143931
0.05696903881802749,0.115,0.8280309611819725
0.0575,0.11408284404423656,0.8284171559557635
0.057548688991060186,0.114,0.8284513110089399
0.05814365942458741,0.113,0.8288563405754126
0.0585,0.11241226840874922,0.8290877315912508
0.05875407701178135,0.112,0.8292459229882186
0.059,0.11160351332953587,0.8293964866704642
0.05906490021080454,0.1115,0.8294350997891954
0.05938042912288396,0.111,0.829619570877116
0.0595,0.11081174656824286,0.8296882534317571
0.060023467193176264,0.11,0.8299765328068237
0.0605,0.10927654390134312,0.8302234560986569
0.06068492203369869,0.109,0.8303150779663013
0.061,0.10853187041557154,0.8304681295844285
0.06102167734069396,0.1085,0.830478322659306
0.06136401347368979,0.108,0.8306359865263102
0.0615,0.10780268207857388,0.8306973179214261
0.062061932602570445,0.107,0.8309380673974296
0.0625,0.10638637795359308,0.8311136220464069
0.06278020913022588,0.106,0.8312197908697742
0.063,0.10569893042459069,0.8313010695754094
0.06314672534488584,0.1055,0.8313532746551141
0.0635,0.1050241965676382,0.8314758034323618
0.0635181499344033,0.105,0.8314818500655967
0.06427864410744479,0.104,0.8317213558925552
0.0645,0.10371368652255455,0.8317863134774455
0.0646668836440811,0.1035,0.8318331163559188
0.065,0.10307631271801453,0.8319236872819855
0.0650606053975481,0.103,0.8319393946024519
0.06546037971181545,0.1025,0.8320396202881846
0.0655,0.10245078132143512,0.8320492186785649
0.06586651651842024,0.102,0.8321334834815798
0.0665,0.10123398375262566,0.8322660162473743
0.06669670415757083,0.101,0.8323032958424292
0.067,0.10064167174049829,0.8323583282595017
0.0671210993092133,0.1005,0.8323789006907867
0.0675,0.10005974914968434,0.8324402508503157
0.06755192881492868,0.1,0.8324480711850714
0.06843425925316178,0.099,0.8325657407468382
0.0685,0.09892662279366429,0.8325733772063357
0.06888594566060677,0.0985,0.8326140543393932
0.069,0.09837479384702119,0.8326252061529789
0.06934472021972266,0.098,0.8326552797802774
0.0695,0.09783234103184026,0.8326676589681598
0.07028428774533867,0.097,0.8327157122546613
0.0705,0.09677467311738708,0.8327253268826129
0.07076546465747244,0.0965,0.8327345353425275
0.071,0.09625902396077321,0.8327409760392268
0.07125449775995359,0.096,0.8327455022400464
0.0715,0.09575188256613502,0.832748117433865
0.07175158632937753,0.0955,0.8327484136706225
0.072,0.09525304262070901,0.832746957379291
0.07225693270193412,0.095,0.8327430672980659
0.0725,0.09476230188313292,0.832737698116867
0.0727707423526728,0.0945,0.8327292576473272
0.073,0.09427946207000552,0.8327205379299946
0.07329322397649746,0.094,0.8327067760235026
0.0735,0.09380432874607131,0.8326956712539286
0.07382458957095721,0.0935,0.8326754104290428
0.074,0.09333671121788267,0.8326632887821174
0.07436505452089906,0.093,0.832634945479101
0.0745,0.09287642243080159,0.8326235775691984
0.0749148376850528,0.0925,0.8325851623149472
0.075,0.09242327886920637,0.8325767211307937
0.07547416148461808,0.092,0.832525838515382
0.0755,0.09197710045977787,0.8325228995402221
0.076,0.09153799274279877,0.8324620072572013
0.0760436555437875,0.0915,0.8324563444562124
0.0765,0.09110572358678158,0.8323942764132184
0.07662347618775113,0.091,0.8323765238122489
0.077,0.09067995116198656,0.8323200488380135
0.07721361633196215,0.0905,0.8322863836680379
0.0775,0.09026050757027128,0.8322394924297287
0.07781431486897956,0.09,0.8321856851310204
0.078,0.08984722793484129,0.8321527720651587
0.07842581476758291,0.0895,0.832074185232417
0.0785,0.08943995031922566,0.8320600496807743
0.079,0.08903880906681795,0.8319611909331821
0.07904880478002621,0.089,0.8319511952199738
0.0795,0.08864385916783227,0.8318561408321677
0.07968386954271628,0.0885,0.8318161304572838
0.08,0.08825449060446422,0.8317455093955358
0.08033058657934135,0.088,0.8316694134206587
0.0805,0.08787055186280632,0.8316294481371936
0.08098921772986796,0.0875,0.831510782270132
0.081,0.08749189401593882,0.8315081059840612
0.0815,0.08711928585316743,0.8313807141468326
0.08166146671214217,0.087,0.8313385332878579
0.082,0.0867517767048288,0.8312482232951712
0.08234636631739284,0.0865,0.8311536336826071
0.0825,0.08638916205040663,0.8311108379495934
0.083,0.08603154604342905,0.8309684539565709
0.08304448961883644,0.086,0.8309555103811636
0.0835,0.0856794522024044,0.8308205477975956
0.08375720390480774,0.0855,0.8307427960951922
0.084,0.08533188447385405,0.830668115526146
0.08448342768991374,0.085,0.8305165723100862
0.0845,0.08498870932876243,0.8305112906712375
0.085,0.08465097629309858,0.8303490237069014
0.08522542131133558,0.0845,0.8302745786886644
0.0855,0.08431750644163154,0.8301824935583685
0.08598177803545821,0.084,0.8300182219645418
0.086,0.08398808336299156,0.8300119166370085
0.0865,0.08366387343927614,0.8298361265607238
0.08675486363259174,0.0835,0.8297451363674082
0.087,0.08334359642466992,0.8296564035753301
0.0875,0.08302725140800438,0.8294727485919956
0.08754343770265326,0.083,0.8294565622973468
0.088,0.08271578601267132,0.8292842139873287
0.0883495408808147,0.0825,0.8291504591191853
0.0885,0.08240783784812479,0.8290921621518752
0.089,0.0821041208647294,0.8288958791352706
0.08917284669577373,0.082,0.8288271533042263
0.0895,0.0818044663714024,0.8286955336285976
0.09,0.0815080862336733,0.8284919137663267
0.09001375612935536,0.0815,0.8284862438706446
0.0905,0.08121641573583456,0.8282835842641654
0.09087413674536424,0.081,0.8281258632546358
0.091,0.08092776956106629,0.8280722304389337
0.0915,0.08064319589152567,0.8278568041084743
0.09175367359161728,0.0805,0.8277463264083827
0.092,0.08036205270832618,0.8276379472916738
0.0925,0.08008433154725651,0.8274156684527435
0.09265308055204362,0.08,0.8273469194479565
0.093,0.07981040386959512,0.8271895961304049
0.0935,0.0795393615495646,0.8269606384504353
0.09357321010117166,0.0795,0.8269267898988283
0.094,0.07927236987209381,0.8267276301279062
0.0945,0.0790078382937034,0.8264921617062966
0.09451493737727963,0.079,0.8264850626227204
0.095,0.07874751076761632,0.8262524892323837
0.09547933419453535,0.0785,0.8260206658054646
0.0955,0.0784894150286248,0.8260105849713751
0.096,0.07823539928916036,0.8257646007108397
0.09646707957973819,0.078,0.8255329204202618
0.0965,0.07798354324161917,0.8255164567583808
0.097,0.0777356203346474,0.8252643796653526
0.0974789926162242,0.0775,0.8250210073837758
0.0975,0.07748975048453582,0.8250102495154641
0.098,0.07724777047608576,0.8247522295239142
0.0985,0.07700770425793657,0.8244922957420634
0.09851617634100313,0.077,0.8244838236589969
0.099,0.07677145749264364,0.8242285425073563
0.0995,0.07653713722804929,0.8239628627719506
0.0995798841189491,0.0765,0.8239201158810509
0.1,0.07630629992620636,0.8236937000737936
0.1005,0.07607758639260616,0.8234224136073938
0.10067097465354194,0.076,0.8233290253464581
0.101,0.07585192665808886,0.8231480733419112
0.1015,0.07562868478870463,0.8228713152112953
0.10179051173600642,0.0755,0.8227094882639936
0.102,0.07540797650566489,0.8225920234943351
0.1025,0.07519007522616182,0.8223099247738381
0.10293959092443464,0.075,0.8220604090755654
0.103,0.07497409783775762,0.8220259021622424
0.1035,0.07476140991085502,0.821738590089145
0.104,0.07455037901175664,0.8214496209882434
0.10412031443422015,0.0745,0.8213796855657798
0.1045,0.07434235008528631,0.8211576499147136
0.105,0.07413636586321881,0.8208636341367812
0.10533361808830644,0.074,0.8206663819116936
0.1055,0.07393256568539243,0.8205674343146075
0.106,0.07373150950950075,0.8202684904904993
0.1065,0.07353201152387226,0.8199679884761277
0.1065808666512729,0.0735,0.8199191333487271
0.107,0.0733354916115436,0.8196645083884564
0.1075,0.07314076646239744,0.8193592335376025
0.10786427965156443,0.073,0.8191357203484356
0.108,0.07294800175723609,0.819051998242764
0.1085,0.07275793864831506,0.8187420613516849
0.109,0.07256934231506625,0.8184306576849337
0.1091852842520979,0.0725,0.818314715747902
0.1095,0.07238322836870822,0.8181167716312917
0.11,0.07219914929745261,0.8178008507025474
0.1105,0.072016487801886,0.817483512198114
0.11054548839540636,0.072,0.8174545116045937
0.111,0.07183667769322653,0.8171633223067735
0.1115,0.07165839432126486,0.8168416056787351
0.11194766907936611,0.0715,0.8165523309206338
0.112,0.07148164480978962,0.8165183551902104
0.1125,0.07130763978461949,0.8161923602153804
0.113,0.07113497126641162,0.8158650287335883
0.11339387530244151,0.071,0.8156061246975586
0.1135,0.07096395078617786,0.8155360492138221
0.114,0.07079543049508744,0.8152045695049126
0.1145,0.07062820308247056,0.8148717969175294
0.11488629491577577,0.0705,0.8146137050842243
0.115,0.07046259457714402,0.814537405422856
0.1155,0.07029939015550381,0.8142006098444962
0.116,0.07013743682796338,0.8138625631720366
0.117,0.06981888233848635,0.8131811176615137
0.1175,0.06966204245717363,0.8128379575428264
0.118,0.069506404113915,0.812493595886085
0.11802073543926342,0.0695,0.8124792645607366
0.1185,0.06935329269798163,0.8121467073020183
0.119,0.06920141168167357,0.8117985883183264
0.1195,0.06905069425865704,0.811449305741343
0.1196694912639437,0.069,0.8113305087360563
0.12,0.06890202787964941,0.8110979721203506
0.1205,0.06875495690100533,0.8107450430989946
0.121,0.06860901311271808,0.810390986887282
0.1213763746966802,0.0685,0.8101236253033198
0.1215,0.0684645144968246,0.8100354855031755
0.122,0.06832211019743557,0.8096778898025644
0.123,0.06804057018911597,0.808959429810884
0.12314579157667069,0.068,0.8088542084233292
0.1235,0.06790232239013352,0.8085976776098666
0.124,0.06776550530948644,0.8082344946905136
0.12498150599177553,0.0675,0.8075184940082245
0.125,0.06749506214450857,0.8075049378554915
0.1255,0.06736260814348861,0.8071373918565115
0.126,0.06723117316225115,0.8067688268377489
0.1265,0.06710074985039424,0.8063992501496057
0.12688925167547255,0.067,0.8061107483245276
0.127,0.06697159696979045,0.8060284030302095
0.1275,0.06684436717346287,0.8056556328265372
0.128,0.06671811871924657,0.8052818812807534
0.1285,0.0665928446669593,0.8049071553330407
0.128873464032555,0.0665,0.8046265359674449
0.129,0.0664688318542636,0.8045311681457364
0.1295,0.06634663777434557,0.8041533622256545
0.13,0.06622538922965837,0.8037746107703416
0.131,0.06598583687116327,0.8030141631288368
0.1315,0.065868498545642,0.802631501454358
0.132,0.06575207170093592,0.8022479282990641
0.133,0.0655219277303593,0.8014780722696407
0.13309641416806262,0.0655,0.8014035858319374
0.1335,0.06540906600940563,0.8010909339905944
0.134,0.06529729055716535,0.8007027094428346
0.1345,0.06518638831062072,0.8003136116893792
0.135,0.0650763534732688,0.7999236465267312
0.13534970455775183,0.065,0.7996502954422482
0.1355,0.06496749240063951,0.7995325075993606
0.136,0.06486020546687742,0.7991397945331226
0.1365,0.06475376118343448,0.7987462388165655
0.137,0.06464815406316048,0.7983518459368395
0.1375,0.06454337868092212,0.797956621319078
0.13770867069219206,0.0645,0.7977913293078079
0.138,0.0644400093256005,0.7975599906743995
0.139,0.06423653611951514,0.7967634638804848
0.1395,0.0641360068672482,0.7963639931327519
0.14,0.06403627572046926,0.7959637242795308
0.1415,0.0637443084026005,0.7947556915973996
0.142,0.06364865110632742,0.7943513488936725
0.1425,0.06355376017322754,0.7939462398267725
0.1427855826447506,0.0635,0.7937144173552494
0.143,0.06346002224223149,0.7935399777577685
0.1435,0.0633675553328429,0.7931324446671572
0.1445,0.06318485309067577,0.7923151469093243
0.145,0.06309460876837583,0.7919053912316242
0.1455,0.06300509639952181,0.7914949036004783
0.1465,0.06282992651989691,0.7906700734801031
0.147,0.0627434368923081,0.7902565631076919
0.1475,0.06265765528419133,0.7898423447158087
0.14843008223451695,0.0625,0.7890699177654831
0.1485,0.062488315486803114,0.7890116845131969
0.1495,0.06232328052434198,0.788176719475658
0.15,0.062241786787092385,0.7877582132129076
0.1505,0.06216097032798298,0.7873390296720171
0.1515,0.062001353834839096,0.786498646165161
0.1515085906544434,0.062,0.7864914093455566
0.152,0.061923312430885266,0.7860766875691148
0.1525,0.06184594017531336,0.7856540598246866
0.1535,0.06169314829114833,0.7848068517088517
0.154,0.06161772143410887,0.7843822785658912
0.1545,0.061542935876441406,0.7839570641235586
0.15478954583743312,0.0615,0.7837104541625669
0.155,0.06146909899778094,0.783530901002219
0.1555,0.0613963179362733,0.7831036820637267
0.1565,0.06125262676533142,0.7822473732346686
0.157,0.06118170992096398,0.781818290079036
0.1575,0.06111140780392424,0.7813885921960758
0.1585,0.06097290917609113,0.7805270908239089
0.159,0.06090511877465369,0.7800948812253463
0.1595,0.06083792433555885,0.7796620756644411
0.1605,0.060705310876786926,0.7787946891232131
0.161,0.06063988570046588,0.7783601142995341
0.1615,0.060575044172444324,0.7779249558275557
0.16208467318390873,0.0605,0.7774153268160913
0.1625,0.06044763464912121,0.7770523653508788
0.1635,0.06032325973290307,0.7761767402670969
0.164,0.06026191875780879,0.7757380812421911
0.1645,0.06020113831944369,0.7752988616805563
0.1655,0.060081247862219134,0.7744187521377809
0.166,0.06002213231569118,0.7739778676843088
0.16618896784935677,0.06,0.7738110321506433
0.1665,0.05996393714300125,0.7735360628569987
0.1675,0.059849618889426075,0.7726503811105739
0.168,0.059793265269803525,0.7722067347301964
0.1685,0.05973744518512695,0.7717625548148731
0.1695,0.05962739535988038,0.7708726046401196
0.17,0.05957316054992447,0.7704268394500755
0.1705,0.05951944913558021,0.7699805508644199
0.17068284124938285,0.0595,0.7698171587506172
0.171,0.05946660473764501,0.769533395262355
0.1715,0.05941447312260316,0.7690855268773968
0.172,0.05936285241952105,0.768637147580479
0.1725,0.05931174024547372,0.7681882597545263
0.173,0.059261134239920264,0.7677388657600797
0.1735,0.05921103206445118,0.7672889679355488
0.174,0.059161431402538885,0.7668385685974611
0.1745,0.05911232995929208,0.766387670040708
0.175,0.0590637254612136,0.7659362745387863
0.1755,0.05901561565596182,0.7654843843440382
0.17566398545480577,0.059,0.7653360145451942
0.176,0.05896832913036663,0.7650316708696334
0.1765,0.05892168934052408,0.7645783106594759
0.177,0.058875532714397966,0.764124467285602
0.1775,0.058829857102430695,0.7636701428975693
0.178,0.05878466037487745,0.7632153396251227
0.1785,0.058739940421589594,0.7627600595784104
0.179,0.058695695151800696,0.7623043048481992
0.1795,0.058651922493916056,0.761848077506084
0.18,0.0586086203953048,0.7613913796046953
0.1805,0.05856578682209513,0.7609342131779049
0.181,0.058523419758972135,0.7604765802410278
0.18127947213129494,0.0585,0.7602205278687051
0.1815,0.05848170981147926,0.7600182901885207
0.182,0.05844070172371421,0.7595592982762859
0.1825,0.058400149542152405,0.7590998504578476
0.1835,0.05832040521628745,0.7581795947837126
0.184,0.058281209274652995,0.7577187907253471
0.1845,0.05824246164419378,0.7572575383558062
0.1855,0.05816630390893481,0.7563336960910652
0.186,0.05812889014175403,0.755871109858246
0.1865,0.05809191736064065,0.7554080826393593
0.1875,0.05801928761097477,0.7544807123890253
0.18777045113859497,0.058,0.754229548861405
0.188,0.05798379916203395,0.754016200837966
0.1885,0.057948942839008394,0.7535510571609916
0.1895,0.05788051179144497,0.7526194882085551
0.19,0.057846933690289405,0.7521530663097107
0.1905,0.0578137783114053,0.7516862216885947
0.1915,0.057748729130502933,0.7507512708694971
0.192,0.057716832069862334,0.7502831679301377
0.1925,0.057685351213957334,0.7498146487860426
0.1935,0.05762363175593399,0.748876368244066
0.194,0.057593390008528145,0.7484066099914719
0.1945,0.057563558175006635,0.7479364418249934
0.1955,0.057505118109737796,0.7469948818902622
0.1955894525708011,0.0575,0.7469105474291989
0.196,0.05747675593026681,0.7465232440697332
0.1965,0.05744884766145224,0.7460511523385478
0.1975,0.05739422421337957,0.7451057757866204
0.198,0.05736750613000986,0.7446324938699902
0.1985,0.057341181892061784,0.7441588181079382
0.1995,0.057289709282130924,0.743210290717869
0.2,0.057264558105735525,0.7427354418942645
0.2005,0.05723979516570259,0.7422602048342974
0.2015,0.05719142851863207,0.7413085714813679
0.202,0.05716782210313656,0.7408321778968635
0.2025,0.05714459850686525,0.7403554014931347
0.2035,0.057099294482881015,0.739400705517119
0.204,0.05707721143910688,0.7389227885608931
0.2045,0.05705550598222317,0.7384444940177768
0.205,0.057034176832221936,0.7379658231677781
0.2055,0.05701322272011873,0.7374867772798812
0.20582126301888495,0.057,0.737178736981115
0.206,0.05699272115382774,0.7370072788461723
0.2065,0.056972729733453194,0.7365272702665467
0.207,0.05695310570248345,0.7360468942975166
0.2075,0.056933847846421325,0.7355661521535787
0.208,0.05691495496118952,0.7350850450388106
0.2085,0.05689642585303662,0.7346035741469633
0.209,0.05687825933844412,0.7341217406615559
0.2095,0.0568604542440347,0.7336395457559652
0.21,0.05684300940648143,0.7331569905935186
0.2105,0.056825923672418586,0.7326740763275814
0.211,0.0568091958983527,0.7321908041016474
0.2115,0.0567928249505756,0.7317071750494244
0.212,0.05677680970507794,0.7312231902949221
0.2125,0.05676114904746397,0.730738850952536
0.213,0.05674584187286722,0.7302541581271328
0.2135,0.05673088708586751,0.7297691129141325
0.214,0.056716283600408514,0.7292837163995916
0.2145,0.056702030339716714,0.7287979696602833
0.215,0.05668812623622105,0.728311873763779
0.2155,0.05667457023147377,0.7278254297685262
0.216,0.056661361276072034,0.727338638723928
0.2165,0.056648498329580584,0.7268515016704193
0.217,0.056635980360455196,0.7263640196395449
0.2175,0.0566238063459673,0.7258761936540327
0.218,0.056611975272129106,0.7253880247278709
0.2185,0.05660048613362015,0.7248995138663799
0.219,0.056589337933714075,0.7244106620662859
0.2195,0.05657852968420699,0.723921470315793
0.22,0.05656806040534592,0.7234319395946541
0.2205,0.056557929125758806,0.7229420708742411
0.221,0.056548134882384776,0.7224518651176153
0.2215,0.056538676720405676,0.7219613232795943
0.222,0.05652955369317798,0.721470446306822
0.2225,0.056520764862165965,0.720979235137834
0.223,0.05651230929687525,0.7204876907031248
0.2235,0.05650418607478731,0.7199958139252126
0.22376863938534458,0.0565,0.7197313606146554
0.224,0.056496433363105523,0.7195035666368945
0.2245,0.056489052983061554,0.7190109470169385
0.225,0.05648199867908233,0.7185180013209177
0.2255,0.056475269567849734,0.7180247304321502
0.226,0.05646886477362241,0.7175311352263776
0.2265,0.05646278342817561,0.7170372165718244
0.227,0.056457024670741124,0.7165429753292589
0.2275,0.056451587647948574,0.7160484123520514
0.228,0.05644647151376666,0.7155535284862333
0.2285,0.05644167542944569,0.7150583245705543
0.229,0.056437198563460314,0.7145628014365397
0.2295,0.05643304009145339,0.7140669599085465
0.23,0.05642919919617989,0.7135708008038202
0.2305,0.05642567506745224,0.7130743249325477
0.231,0.05642246690208531,0.7125775330979147
0.2315,0.05641957390384303,0.712080426096157
0.232,0.056416995283384806,0.7115830047166152
0.2325,0.056414730258213176,0.7110852697417868
0.233,0.05641277805262149,0.7105872219473786
0.2335,0.05641113789764273,0.7100888621023572
0.234,0.0564098090309984,0.7095901909690017
0.2345,0.05640879069704852,0.7090912093029516
0.235,0.056408082146741756,0.7085919178532583
0.236,0.05640759143350105,0.707592408566499
0.2365,0.05640780780496829,0.7070921921950317
0.237,0.056408331028785424,0.7065916689712146
0.238,0.056410295172435,0.705589704827565
0.2385,0.05641173467745949,0.7050882653225405
0.239,0.0564134782051267,0.7045865217948734
0.24,0.05641787456691353,0.7035821254330865
0.2405,0.056420526035555245,0.7030794739644448
0.241,0.05642347879579659,0.7025765212042034
0.242,0.056430285526328935,0.7015697144736711
0.2425,0.056434138179075805,0.7010658618209242
0.243,0.056438289488250595,0.7005617105117494
0.244,0.05644748550515403,0.699552514494846
0.2445,0.05645252894193761,0.6990474710580624
0.245,0.056457868493179235,0.6985421315068208
0.246,0.05646943345973787,0.6975305665402621
0.2465,0.05647565764943287,0.6970243423505672
0.247,0.05648217550226565,0.6965178244977344
0.248,0.05649608980700238,0.6955039101929976
0.24826439112321017,0.0565,0.6952356088767898
0.2485,0.05650352359618716,0.6949964764038129
0.249,0.056511295145011985,0.694488704854988
0.25,0.056527719571346294,0.6934722804286537
0.2505,0.0565363713014046,0.6929636286985954
0.251,0.056545315286649786,0.6924546847133503
0.252,0.056564077786203905,0.6914359222137961
0.2525,0.056573895195363884,0.6909261048046361
0.253,0.05658400264934542,0.6904159973506546
0.254,0.056605085538389846,0.6893949144616102
0.2545,0.05661605990952918,0.6888839400904708
0.255,0.05662732219757864,0.6883726778024214
0.256,0.056650708452049794,0.6873492915479502
0.2565,0.05666283139474373,0.6868371686052563
0.257,0.05667524020683087,0.6863247597931691
0.258,0.05670091344585472,0.6852990865541453
0.2585,0.056714176888274966,0.6847858231117251
0.259,0.05672772423099667,0.6842722757690033
0.26,0.056755668701133064,0.683244331298867
0.2605,0.056770064882301075,0.682729935117699
0.261,0.056784743071220854,0.6822152569287792
0.262,0.056814943631397274,0.6811850563686027
0.2625,0.05683046509377671,0.6806695349062233
0.263,0.05684626674609972,0.6801537332539003
0.264,0.05687870885320523,0.6791212911467948
0.2645,0.056895348435619324,0.6786046515643808
0.265,0.0569122664631888,0.6780877335368112
0.266,0.05694693615830078,0.6770530638416992
0.2665,0.0569646869891609,0.6765353130108391
0.267,0.05698271459176245,0.6760172854082376
0.268,0.05701981532929753,0.6749801846707024
0.2685,0.05703887952618404,0.674461120473816
0.269,0.05705822201996678,0.6739417779800332
0.27,0.05709774033277801,0.672902259667222
0.2705,0.05711791537980466,0.6723820846201953
0.271,0.057138367179678726,0.6718616328203213
0.272,0.057180099540646186,0.6708199004593538
0.2725,0.05720137936357527,0.6702986206364248
0.273,0.057222934462979914,0.6697770655370201
0.274,0.05726686906061047,0.6687331309393895
0.2745,0.05728924785381823,0.6682107521461818
0.275,0.05731190051342406,0.6676880994865759
0.276,0.057358026066602584,0.6666419739333974
0.2765,0.05738149828764339,0.6661185017123566
0.277,0.05740524302997903,0.6655947569700209
0.278,0.05745354877740746,0.6645464512225925
0.2785,0.057478109141824676,0.6640218908581753
0.2789407956835038,0.0575,0.6635592043164963
0.279,0.05750297322715815,0.6634970267728418
0.28,0.05755400667608874,0.6624459933239112
0.2805,0.057579933690368935,0.6619200663096311
0.281,0.057606133829897724,0.6613938661701022
0.2815,0.05763260679856299,0.6608673932014371
0.2825,0.05768637005816789,0.6598136299418321
0.283,0.057713659776144934,0.6592863402238551
0.2835,0.057741221177299414,0.6587587788227006
0.2845,0.05779715792511336,0.6577028420748867
0.285,0.05782553272919742,0.6571744672708026
0.2855,0.057854178131275795,0.6566458218687242
0.2865,0.05791227968544619,0.6555877203145538
0.287,0.05794173532483313,0.6550582646751669
0.2875,0.0579714605367735,0.6545285394632265
0.2885,0.05803206833289321,0.6534679316671068
0.289,0.05806293750800799,0.6529370624919921
0.2895,0.058094078399018444,0.6524059216009815
0.2905,0.05815717440130839,0.6513428255986916
0.291,0.05818912905798189,0.6508108709420182
0.2915,0.05822135452131118,0.6502786454786889
0.2925,0.05828661699847863,0.6492133830015214
0.293,0.05831965358655366,0.6486803464134464
0.2935,0.0583529601297318,0.6481470398702682
0.2945,0.058420382269038035,0.647079617730962
0.295,0.058454497467822976,0.6465455025321771
0.2955,0.0584888818269995,0.6460111181730005
0.2956604414450209,0.0585,0.6458395585549791
0.296,0.05852379392181398,0.645476206078186
0.2965,0.0585591001449627,0.6449408998550373
0.297,0.058594678099417596,0.6444053219005825
0.2975,0.058630527606316214,0.6438694723936838
0.298,0.058666648490297665,0.6433333515097023
0.2985,0.05870304057949133,0.6427969594205087
0.299,0.0587397037055055,0.6422602962944945
0.2995,0.05877663770341627,0.6417233622965838
0.3,0.05881384241175645,0.6411861575882435
0.3005,0.05885131767250492,0.6406486823274951
0.301,0.05888906333107593,0.6401109366689242
0.3015,0.05892707923630863,0.6395729207636913
0.302,0.05896536524045649,0.6390346347595435
0.30244915856719756,0.059,0.6385508414328025
0.3025,0.05900396419268436,0.6384960358073156
0.303,0.059043215776333244,0.6379567842236669
0.3035,0.059082740196152644,0.6374172598038473
0.304,0.059122537319220396,0.6368774626807796
0.3045,0.05916260701602674,0.6363373929839733
0.305,0.05920294916046466,0.6357970508395354
0.3055,0.059243563629820646,0.6352564363701794
0.306,0.05928445030476549,0.6347155496952345
0.3065,0.059325609069345586,0.6341743909306544
0.307,0.05936703981097394,0.6336329601890262
0.3075,0.05940874242042167,0.6330912575795783
0.308,0.05945071679180924,0.6325492832081907
0.3085,0.0594929628225984,0.6320070371774016
0.30858277067556344,0.0595,0.6319172293244365
0.309,0.05953586845005751,0.6314641315499425
0.3095,0.05957912568404653,0.6309208743159535
0.3105,0.05966646377971762,0.6298335362202824
0.311,0.05971054447014477,0.6292894555298553
0.3115,0.059754899480370945,0.6287451005196291
0.3125,0.059844432154440456,0.6276555678455595
0.313,0.05988960967370484,0.6271103903262952
0.3135,0.05993506122359651,0.6265649387764035
0.3145,0.06002707829555829,0.6254729217044417
0.315,0.06007385643064182,0.6249261435693583
0.3155,0.06012091160479604,0.624379088395204
0.3165,0.06021585288049008,0.62328414711951
0.317,0.060263738895419396,0.6227362611045807
0.3175,0.06031190177618686,0.6221880982238132
0.3185,0.06040905799842367,0.6210909420015763
0.319,0.06045805127973344,0.6205419487202666
0.3194257164749258,0.0605,0.6200742835250742
0.3195,0.06050740092706596,0.619992599072934
0.32,0.06055748666956367,0.6194425133304363
0.3205,0.06060785241137366,0.6188921475886263
0.321,0.06065849814033527,0.6183415018596647
0.3215,0.06070942384760859,0.6177905761523914
0.322,0.06076062952766989,0.61723937047233
0.3225,0.06081211517830746,0.6166878848216926
0.323,0.0608638808006174,0.6161361191993826
0.3235,0.06091592639899963,0.6155840736010003
0.324,0.06096825198115374,0.6150317480188462
0.32430178305392615,0.061,0.614698216946074
0.3245,0.06102108379012563,0.6144789162098744
0.325,0.061074543217797615,0.6139254567822024
0.3255,0.06112828602285078,0.6133717139771492
0.326,0.06118231222988939,0.6128176877701106
0.3265,0.061236621866851484,0.6122633781331485
0.327,0.06129121496500577,0.6117087850349943
0.3275,0.06134609155894876,0.6111539084410512
0.328,0.061401251686601876,0.6105987483133981
0.3285,0.06145669538920897,0.610043304610791
0.3288885609280842,0.0615,0.6096114390719157
0.329,0.06151255708978996,0.6094874429102101
0.3295,0.06156917416604712,0.6089308258339529
0.3305,0.061683269763981884,0.6078167302360181
0.331,0.061740748406676454,0.6072592515933236
0.3315,0.061798514364806066,0.6067014856351939
0.3325,0.06191490850638768,0.6055850914936123
0.333,0.06197353683774597,0.6050264631622541
0.33322461453044694,0.062,0.604775385469553
0.3335,0.06203280294417279,0.6044671970558272
0.3345,0.06215277965059836,0.6033472203494016
0.335,0.06221320498109866,0.6027867950189014
0.3355,0.062273921758495866,0.6022260782415041
0.3365,0.06239623006054732,0.6011037699394527
0.337,0.06245782179700492,0.6005421782029952
0.33734081404321425,0.0625,0.6001591859567857
0.3375,0.06251991746792597,0.599980082532074
0.338,0.06258276243735249,0.5994172375626474
0.3385,0.06264590305309418,0.5988540969469058
0.339,0.06270933944188097,0.5982906605581191
0.3395,0.06277307173390952,0.5977269282660904
0.34,0.06283710006284396,0.597162899937156
0.3405,0.06290142456581699,0.5965985754341829
0.341,0.06296604538343102,0.596033954616569
0.34126155467409736,0.063,0.5957384453259027
0.3415,0.06303129505930176,0.5954687049406983
0.342,0.0630972093607867,0.5949027906392133
0.3425,0.06316342403636255,0.5943365759636374
0.343,0.06322993924661616,0.5937700607533839
0.3435,0.06329675515567137,0.5932032448443286
0.344,0.06336387193119106,0.5926361280688089
0.3445,0.06343128974437941,0.5920687102556206
0.345,0.06349900876998427,0.5915009912300158
0.34500728819152365,0.0635,0.5914927118084764
0.3455,0.06356774715637771,0.5909322528436224
0.346,0.06363680141904508,0.590363198580955
0.347,0.06377582650294406,0.589224173497056
0.3475,0.06384579771914488,0.5886542022808552
0.348,0.06391607498752984,0.5880839250124702
0.349,0.0640581634568901,0.5869418365431099
0.3495,0.0641301213669495,0.5863698786330506
0.35,0.06420238995238917,0.5857976100476109
0.351,0.06434786006680468,0.5846521399331953
0.3515,0.0644210620637642,0.5840789379362359
0.352,0.0644945756720809,0.5835054243279191
0.35203674712096755,0.0645,0.5834632528790324
0.3525,0.06456913042628132,0.5829308695737186
0.353,0.06464405894895806,0.5823559410510419
0.3535,0.06471930368389883,0.5817806963161012
0.354,0.06479486489357779,0.5812051351064222
0.3545,0.06487074284428572,0.5806292571557142
0.355,0.06494693780613638,0.5800530621938637
0.3553467869428421,0.065,0.5796532130571579
0.3555,0.0650236994798179,0.5794763005201822
0.356,0.0651013468544121,0.578898653145588
0.3565,0.06517931601539498,0.578320683984605
0.357,0.06525760725679453,0.5777423927432055
0.3575,0.06533622087656524,0.5771637791234349
0.358,0.06541515717659549,0.5765848428234045
0.3585,0.0654944164627145,0.5760055835372855
0.35853508983351967,0.0655,0.5759649101664803
0.359,0.06557478465407957,0.5754252153459205
0.3595,0.06565553974093452,0.5748444602590655
0.36,0.06573662279338405,0.5742633772066159
0.361,0.06589977412286237,0.5731002258771376
0.3615,0.06598184307393666,0.5725181569260634
0.3616102039854638,0.066,0.5723897960145361
0.362,0.06606492194695854,0.5719350780530414
0.363,0.06623246599295264,0.5707675340070474
0.3635,0.06631673959692162,0.5701832604030784
0.364,0.06640134807950493,0.5695986519204951
0.36458039327232156,0.0665,0.5689196067276785
0.365,0.06657232799928012,0.5684276720007199
0.3655,0.06665884931850141,0.5678411506814987
0.366,0.06674571126704955,0.5672542887329505
0.3665,0.06683291424618018,0.5666670857538197
0.367,0.06692045866148415,0.5660795413385159
0.36745253801178324,0.067,0.5655474619882168
0.3675,0.06700843297797797,0.5654915670220221
0.368,0.06709759286653681,0.5649024071334632
0.3685,0.06718709975846787,0.5643129002415321
0.369,0.06727695408810903,0.5637230459118909
0.3695,0.06736715629427979,0.5631328437057203
0.37,0.06745770682029395,0.562542293179706
