'p1','p2','p3'
0.13966688931208562,0.243,0.6173331106879144
0.13980496872586715,0.2425,0.6176950312741329
0.13994589132944374,0.242,0.6180541086705562
0.14,0.2418120102058884,0.6181879897941116
0.1402392947258592,0.241,0.6187607052741408
0.14039063750747025,0.2405,0.6191093624925297
0.1405,0.24014555792794148,0.6193544420720585
0.14054541494746914,0.24,0.6194545850525308
0.14086643895278947,0.239,0.6201335610472105
0.141,0.23859496123047075,0.6204050387695292
0.1410316644713909,0.2385,0.6204683355286091
0.14120151881290033,0.238,0.6207984811870997
0.1415,0.23714222886020206,0.621357771139798
0.1415505457442727,0.237,0.6214494542557273
0.14191510760926535,0.236,0.6220848923907347
0.142,0.2357727920735995,0.6222272079264005
0.14210306844049547,0.2355,0.6223969315595046
0.14229506277424953,0.235,0.6227049372257505
0.1425,0.23447472614037576,0.6230252738596243
0.14269026635528903,0.234,0.623309733644711
0.14289362700683123,0.2335,0.6236063729931687
0.143,0.23324241269888563,0.6237575873011143
0.1431012338707822,0.233,0.6238987661292178
0.14331319805128925,0.2325,0.6241868019487107
0.1435,0.2320655335486928,0.6244344664513073
0.14352849471782472,0.232,0.6244715052821753
0.1437492282059517,0.2315,0.6247507717940483
0.14397294752569093,0.231,0.6250270524743091
0.144,0.23094042796245404,0.6250595720375459
0.14420226390464774,0.2305,0.6252977360953522
0.14443494228542472,0.23,0.6255650577145753
0.1445,0.22986215888832262,0.6256378411116774
0.1446728663510556,0.2295,0.6258271336489444
0.14491467514772374,0.229,0.6260853248522763
0.145,0.22882595449083687,0.6261740455091631
0.14516161196424998,0.2285,0.6263383880357499
0.14541272536250333,0.228,0.6265872746374967
0.1455,0.22782851280069502,0.626671487199305
0.1456690928395611,0.2275,0.6268309071604389
0.1459296879019749,0.227,0.6270703120980251
0.146,0.2268668422741682,0.6271331577258318
0.14619591722534936,0.2265,0.6273040827746507
0.14646617393798325,0.226,0.6275338260620168
0.1465,0.2259382261340702,0.6275617738659298
0.14674271001632,0.2255,0.62775728998368
0.147,0.2250407896782753,0.6279592103217246
0.14702311676395138,0.225,0.6279768832360486
0.14731011326403498,0.2245,0.628189886735965
0.1475,0.22417297075135004,0.62832702924865
0.14760159211394344,0.224,0.6283984078860566
0.14789878670530565,0.2235,0.6286012132946943
0.148,0.2233317204446499,0.6286682795553501
0.14820182350652883,0.223,0.6287981764934713
0.1485,0.2225153223196216,0.6289846776803785
0.14850953590959398,0.2225,0.6289904640904059
0.14882450454338442,0.222,0.6291754954566156
0.149,0.22172445067122587,0.629275549328774
0.14914461696829512,0.2215,0.6293553830317049
0.1494703481615405,0.221,0.6295296518384595
0.1495,0.22095501004836993,0.6295449899516301
0.14980339174389887,0.2205,0.6296966082561011
0.15,0.2202082722081538,0.6297917277918461
0.1501420126694449,0.22,0.6298579873305551
0.15048661036898592,0.2195,0.630013389631014
0.1505,0.21948079131575357,0.6300192086842464
0.15083908993185832,0.219,0.6301609100681417
0.151,0.2187742228108144,0.6302257771891856
0.15119775163733906,0.2185,0.6303022483626609
0.1515,0.21808520917762905,0.630414790822371
0.15156282914757177,0.218,0.6304371708524282
0.15193547142443667,0.2175,0.6305645285755633
0.152,0.21741433074781563,0.6305856692521843
0.15231581353453774,0.217,0.6306841864654623
0.1525,0.2167608090167833,0.6307391909832167
0.1527032448622142,0.2165,0.6307967551377858
0.153,0.21612303894628376,0.6308769610537162
0.15309802946173828,0.216,0.6309019705382617
0.1535,0.2155005413534829,0.6309994586465171
0.1535004409777419,0.2155,0.6309995590222581
0.15391202910074184,0.215,0.6310879708992582
0.154,0.21489419095770437,0.6311058090422956
0.15433172787568528,0.2145,0.6311682721243147
0.1545,0.2143020127747374,0.6311979872252627
0.15475982996688242,0.214,0.6312401700331176
0.155,0.21372357486767563,0.6312764251323244
0.1551966453564328,0.2135,0.6313033546435671
0.1555,0.21315846554843598,0.631341534451564
0.15564249564123614,0.213,0.6313575043587639
0.156,0.21260628606680612,0.6313937139331939
0.15609771457400043,0.2125,0.6314022854259995
0.1565,0.21206665012609885,0.6314333498739012
0.15656264863451091,0.212,0.6314373513654892
0.157,0.21153918342009384,0.6314608165799062
0.1570376576331704,0.2115,0.6314623423668295
0.1575,0.2110235231901662,0.6314764768098338
0.15752311534893626,0.211,0.6314768846510638
0.158,0.2105193178016113,0.6314806821983887
0.15801941020398536,0.2105,0.6314805897960146
0.1585,0.21002622633818135,0.6314737736618187
0.15852694597757128,0.21,0.6314730540224287
0.159,0.20954391821395707,0.6314560817860428
0.15904614256178126,0.2095,0.6314538574382187
0.1595,0.20907207280167447,0.6314279271983255
0.1595774367620619,0.209,0.6314225632379381
0.16,0.2086103790767289,0.631389620923271
0.16012128314566568,0.2085,0.6313787168543343
0.1605,0.20815853527606726,0.6313414647239328
0.16067815494136647,0.208,0.6313218450586335
0.161,0.20771624857127738,0.6312837514287226
0.16124854499412547,0.2075,0.6312514550058745
0.1615,0.20728323475516877,0.6312167652448313
0.1618329667786304,0.207,0.6311670332213696
0.162,0.206859217941226,0.631140782058774
0.1624319554760146,0.2065,0.6310680445239853
0.1625,0.20644393027530483,0.6310560697246952
0.163,0.206037534763683,0.6309624652363169
0.16304682899931025,0.206,0.6309531710006898
0.1635,0.20564008037104298,0.630859919628957
0.1636788162074464,0.2055,0.6308211837925536
0.164,0.20525067513478187,0.6307493248652181
0.16432743000206082,0.205,0.6306725699979392
0.1645,0.2048690768850423,0.6306309231149577
0.16499332404590286,0.2045,0.6305066759540972
0.165,0.20449505037189622,0.6305049496281038
0.1655,0.2041298041586608,0.6303701958413392
0.16568024704585718,0.204,0.6303197529541429
0.166,0.20377179900704198,0.630228200992958
0.16638634820558657,0.2035,0.6301136517944135
0.1665,0.2034207601250176,0.6300792398749824
0.1675,0.20274137475659723,0.6297586252434028
0.1678653396864858,0.2025,0.6296346603135142
0.1685,0.20208944557521044,0.6294105544247895
0.16864091717613341,0.202,0.6293590828238667
0.169,0.2017740987269522,0.6292259012730478
0.1694423812306264,0.2015,0.6290576187693736
0.1695,0.20146461504577645,0.6290353849542236
0.17,0.20116256998449397,0.628837430015506
0.1702734046627448,0.201,0.6287265953372552
0.1705,0.20086645214819543,0.6286335478518046
0.17113421197542758,0.2005,0.6283657880245724
0.1715,0.20029328016432896,0.6282067198356711
0.172,0.20001525676846257,0.6279847432315375
0.1720279316906131,0.2,0.627972068309387
0.1725,0.19974441478079102,0.6277555852192089
0.17295894881353654,0.1995,0.6275410511864634
0.1735,0.19921918807111247,0.6272808119288875
0.1739302062500975,0.199,0.6270697937499026
0.174,0.1989647512573816,0.6270352487426185
0.1745,0.19871694805922563,0.6267830519407744
0.17494554890356603,0.1985,0.6265544510964339
0.175,0.19847371786675574,0.6265262821332442
0.1755,0.19823705829624197,0.6262629417037581
0.176,0.19800465437691708,0.625995345623083
0.17601022024577515,0.198,0.6259897797542249
0.1765,0.1977788974500646,0.6257211025499354
0.177,0.19755741322151635,0.6254425867784836
0.17713232246405525,0.1975,0.6253676775359447
0.1775,0.1973418589073889,0.6251581410926111
0.178,0.1971311067961073,0.6248688932038928
0.1783175860742131,0.197,0.6246824139257869
0.1785,0.19692535038766612,0.6245746496123339
0.1795,0.19652910267406548,0.6239708973259346
0.17957596200570328,0.1965,0.6239240379942967
0.18,0.19633895542313798,0.6236610445768621
0.1805,0.1961532476447715,0.6233467523552285
0.18092212394705795,0.196,0.6230778760529421
0.181,0.19597197349023074,0.6230280265097692
0.1815,0.19579642329098246,0.6227035767090175
0.182,0.19562497583155125,0.6223750241684488
0.18237359925422486,0.1955,0.6221264007457752
0.1825,0.19545808398937287,0.6220419160106272
0.1835,0.19513917142596737,0.6213608285740326
0.18395388712308655,0.195,0.6210461128769134
0.184,0.19498598369009912,0.6210140163099009
0.1845,0.19483831796479034,0.6206616820352097
0.1855,0.19455514439272006,0.61994485560728
0.18570372107302754,0.1945,0.6197962789269724
0.186,0.1944205000145175,0.6195794999854826
0.1865,0.1942904684728096,0.6192095315271904
0.187,0.1941644688343328,0.6188355311656671
0.1875,0.19404250594026146,0.6184574940597385
0.18768045584096332,0.194,0.6183195441590368
0.188,0.19392538914144636,0.6180746108585538
0.1885,0.19381273421262488,0.6176872657873751
0.189,0.19370409421073623,0.6172959057892637
0.1895,0.19359947474352363,0.6169005252564763
0.18999445214635774,0.1935,0.6165055478536423
0.19,0.19349889363716874,0.6165011063628313
0.1905,0.19340336742843722,0.6160966325715628
0.1915,0.19322432212424512,0.6152756778757549
0.192,0.19314081601360314,0.6148591839863969
0.1925,0.19306133003374015,0.6144386699662598
0.1935,0.1929153698889917,0.6135846301110083
0.194,0.19284871867402698,0.6131512813259731
0.1945,0.1927860773394025,0.6127139226605975
0.1955,0.19267285619818517,0.6118271438018148
0.196,0.19262229301950665,0.6113777069804934
0.1965,0.19257577298100356,0.6109242270189964
0.1974337031783221,0.1925,0.6100662968216779
0.1975,0.19249495426692703,0.610005045733073
0.198,0.19246099424461968,0.6095390057553803
0.1985,0.19243107211465418,0.6090689278853458
0.199,0.192405197615698,0.608594802384302
0.1995,0.19238338076916375,0.6081166192308363
0.2,0.19236563188153386,0.6076343681184662
0.2005,0.19235196154674636,0.6071480384532536
0.201,0.1923423806486417,0.6066576193513582
0.2015,0.1923369003634747,0.6061630996365253
0.202,0.1923355321624886,0.6056644678375114
0.2025,0.1923382878145545,0.6051617121854455
0.203,0.1923451793888758,0.6046548206111242
0.2035,0.1923562192577611,0.6041437807422388
0.204,0.1923714200994645,0.6036285799005355
0.205,0.19241435696159273,0.6025856430384073
0.2055,0.19244211989478685,0.6020578801052131
0.206,0.19247409763251128,0.6015259023674888
0.20635791693713862,0.1925,0.6011420830628614
0.2065,0.1925104230430806,0.6009895769569193
0.207,0.19255134055135395,0.6004486594486461
0.208,0.19264612176329415,0.5993538782367058
0.2085,0.19270001742014303,0.5987999825798569
0.209,0.19275827165887224,0.5982417283411278
0.21,0.19288792364322166,0.5971120763567783
0.2105,0.1929593561655885,0.5965406438344114
0.21076816242059668,0.193,0.5962318375794033
0.211,0.19303563478726843,0.5959643652127316
0.212,0.19320268568986063,0.5947973143101394
0.2125,0.19329301595698598,0.594206984043014
0.213,0.19338790949431187,0.5936120905056882
0.2135607158445033,0.1935,0.5929392841554967
0.214,0.1935925808162348,0.5924074191837653
0.215,0.19381736507416958,0.5911826349258305
0.2155,0.1939368480164981,0.5905631519835018
0.2157544490441435,0.194,0.5902455509558564
0.216,0.19406184632112125,0.5899381536788788
0.217,0.194327979493649,0.588672020506351
0.2175,0.19446838483626955,0.5880316151637304
0.21760897801779655,0.1945,0.5878910219822034
0.218,0.19461515497679674,0.5873848450232033
0.2185,0.19476735084211955,0.5867326491578804
0.219,0.19492460206966944,0.5860753979303306
0.22,0.19525766827142432,0.5847423317285757
0.2205,0.19543250298384515,0.5840674970161548
0.22068770433188833,0.1955,0.5838122956681117
0.221,0.19561406634659984,0.5833859336534002
0.2215,0.19580188056984005,0.5826981194301599
0.222,0.1959950978637938,0.5820049021362063
0.223,0.1964032061392821,0.5805967938607179
0.2232281252469142,0.1965,0.5802718747530858
0.224,0.19683831694211157,0.5791616830578885
0.22435665748817887,0.197,0.5786433425118211
0.2245,0.19706606190177986,0.5784339380982201
0.225,0.19730194062593379,0.5776980593740663
0.22540970724515932,0.1975,0.5770902927548407
0.2255,0.19754438818374997,0.57695561181625
0.226,0.19779570812397734,0.5762042918760226
0.227,0.19832138323198475,0.5746786167680152
0.2273265151056966,0.1985,0.5741734848943034
0.228,0.19888087642602953,0.5731191235739705
0.2282051307136557,0.199,0.5727948692863443
0.2285,0.19917430613324144,0.5723256938667585
0.229,0.1994762604436835,0.5715237395563165
0.22903855362476,0.1995,0.57146144637524
0.2295,0.1997893332738445,0.5707106667261554
0.22982906599401015,0.2,0.57017093400599
0.23,0.20011146548149236,0.5698885345185076
0.23058255747555528,0.2005,0.5689174425244446
0.231,0.2007883343093992,0.5682116656906008
0.23198737674530748,0.2015,0.5665126232546925
0.232,0.20150942142360564,0.5664905785763944
0.233,0.20228185662339826,0.5647181433766018
0.23327129927174037,0.2025,0.5642287007282596
0.234,0.2031075305575332,0.5628924694424668
0.23445219726171596,0.2035,0.562047802738284
0.2345,0.20354237088664498,0.5619576291133551
0.235,0.20399325604408444,0.5610067439559155
0.23500735491864969,0.204,0.5609926450813504
0.236,0.20494766970508005,0.55905233029492
0.23605285345436655,0.205,0.5589471465456335
0.2365,0.2054527697798572,0.5580472302201429
0.23654589380166177,0.2055,0.5579541061983382
0.237,0.20597816530319304,0.557021834696807
0.23702040805190797,0.206,0.5569795919480921
0.23791639409711762,0.207,0.5550836059028824
0.238,0.20709756633589999,0.5549024336641
0.23833958054930068,0.2075,0.5541604194506993
0.2385,0.20769491002864104,0.553805089971359
0.23874732293145576,0.208,0.5532526770685443
0.239,0.20831975285369617,0.5526802471463038
0.23951924541902606,0.209,0.551480754580974
0.24,0.2096643553472058,0.5503356446527943
0.24023454258297458,0.21,0.5497654574170254
0.2405,0.21039070078487998,0.5491092992151201
0.24057321101714524,0.2105,0.5489267889828547
0.24089898430798842,0.211,0.5481010156920116
0.241,0.21115953955166888,0.5478404604483311
0.24151521524843017,0.212,0.5464847847515699
0.242,0.21284595041406934,0.5451540495859306
0.24208545845737023,0.213,0.5449145415426299
0.24235437344300786,0.2135,0.5441456265569922
0.2425,0.21377974348865053,0.5437202565113495
0.24261313506581098,0.214,0.5433868649341891
0.24286165090647108,0.2145,0.5426383490935289
0.243,0.2147880324733939,0.5422119675266062
0.24310048076932556,0.215,0.5418995192306745
0.24354958970326024,0.216,0.5404504102967398
0.24396207658223876,0.217,0.5390379234177612
0.244,0.21709737632576467,0.5389026236742354
0.24415481706968722,0.2175,0.5383451829303127
0.24433937756000404,0.218,0.537660622439996
0.2445,0.21845403689622347,0.5370459631037766
0.24451605726915657,0.2185,0.5369839427308434
0.24468372193860757,0.219,0.5363162780613925
0.24484391761571667,0.2195,0.5356560823842833
0.24499673584719953,0.22,0.5350032641528005
0.245,0.22001117692048716,0.5349888230795128
0.24527812930233697,0.221,0.5337218706976631
0.24553105886157248,0.222,0.5324689411384276
0.24575483386660332,0.223,0.5312451661333967
0.24595204370976448,0.224,0.5300479562902356
0.246,0.2242694746591543,0.5297305253408457
0.24604054110069606,0.2245,0.5294594588993039
0.2461222868595679,0.225,0.5288777131404321
0.24619776466782708,0.2255,0.5283022353321729
0.24626705014214473,0.226,0.5277329498578553
0.24633021800047655,0.2265,0.5271697819995235
0.24638734207427793,0.227,0.5266126579257221
0.24643849532052128,0.2275,0.5260615046794787
0.24648374983353505,0.228,0.525516250166465
0.2465,0.22820567985874665,0.5252943201412534
0.24652298647851723,0.2285,0.5249770135214827
0.2465563810170822,0.229,0.5244436189829178
0.24658413590784184,0.2295,0.5239158640921582
0.24660631899044277,0.23,0.5233936810095572
0.24662299731401316,0.2305,0.5228770026859868
0.2466342371476734,0.231,0.5223657628523266
0.24664010399088088,0.2315,0.5218598960091191
0.2466406625836237,0.232,0.5213593374163763
0.24663597691645658,0.2325,0.5208640230835434
0.24662611024038825,0.233,0.5203738897596117
0.24661112507661634,0.2335,0.5198888749233836
0.2465910832261202,0.234,0.5194089167738798
0.2465660457791067,0.2345,0.5189339542208933
0.2465360731243157,0.235,0.5184639268756843
0.2465012249581873,0.2355,0.5179987750418127
0.2465,0.23551539345218364,0.5179846065478164
0.2464612536017219,0.236,0.5175387463982781
0.24641647796234156,0.2365,0.5170835220376584
0.24636696623382046,0.237,0.5166330337661795
0.24631277614342653,0.2375,0.5161872238565735
0.2462539647579589,0.238,0.5157460352420411
0.2461905884923342,0.2385,0.5153094115076657
0.24612270311804899,0.239,0.514877296881951
0.2460503637715157,0.2395,0.5144496362284843
0.246,0.23982778978753586,0.5141722102124642
0.24597341660150343,0.24,0.5140265833984966
0.24589169371113437,0.2405,0.5136083062888657
0.24580564786175604,0.241,0.5131943521382439
0.2456207999262078,0.242,0.5123792000737922
0.24552210265306332,0.2425,0.5119778973469367
0.2455,0.24260722296660542,0.5118927770333945
0.24541865765394869,0.243,0.5115813423460513
0.24519919924018385,0.244,0.5108008007598162
0.24508346131428105,0.2445,0.5104165386857189
0.245,0.24484835626139545,0.5101516437386046
0.24496349954344532,0.245,0.5100365004565547
0.24483896430188093,0.2455,0.509661035698119
0.2447105623713485,0.246,0.5092894376286515
0.24457834244644527,0.2465,0.5089216575535547
0.2445,0.24678765475136658,0.5087123452486335
0.24444189967948332,0.247,0.5085581003205167
0.24430109352595464,0.2475,0.5081989064740453
0.2441565886867873,0.248,0.5078434113132126
0.24400843222378743,0.2485,0.5074915677762126
0.244,0.24852769729041357,0.5074723027095864
0.24385554457397987,0.249,0.5071444554260202
0.24353893868586549,0.25,0.5064610613141345
0.2435,0.2501187439093354,0.5063812560906645
0.2433743970162292,0.2505,0.5061256029837709
0.24320608231445898,0.251,0.505793917685541
0.243,0.2515978181799026,0.5054021818200973
0.2428581242538131,0.252,0.505141875746187
0.24267827798445035,0.2525,0.5048217220155498
0.2425,0.2529866462175048,0.5045133537824953
0.24249508506515524,0.253,0.5045049149348447
0.2423071917777938,0.2535,0.5041928082222062
0.242116058567116,0.254,0.503883941432884
0.242,0.2542982227899757,0.5037017772100243
0.24192110630059627,0.2545,0.5035788936994037
0.24172205735329605,0.255,0.5032779426467039
0.2413131356153108,0.256,0.5026868643846892
0.24110317119827823,0.2565,0.5023968288017218
0.241,0.2567417963358166,0.5022582036641834
0.24088930673761025,0.257,0.5021106932623898
0.24067161885549776,0.2575,0.5018283811445021
0.2405,0.2578886245924591,0.501611375407541
0.24045058194927296,0.258,0.5015494180507271
0.24022523259216821,0.2585,0.5012747674078317
0.24,0.2589933947654114,0.5010066052345886
0.23999697030996972,0.259,0.5010030296900303
0.2395282493530071,0.26,0.5004717506469929
0.2395,0.26005903827122157,0.5004409617287784
0.2392879911648266,0.2605,0.5002120088351734
0.239,0.2610907178690848,0.49990928213091523
0.23879714699410107,0.2615,0.49970285300589895
0.23854649091668154,0.262,0.4994535090833184
0.2385,0.26209151996253366,0.4994084800374664
0.2382914908561786,0.2625,0.49920850914382137
0.23803348381543582,0.263,0.4989665161845641
0.238,0.26306405954133905,0.49893594045866096
0.23777102273384945,0.2635,0.49872897726615056
0.23750572519515703,0.264,0.498494274804843
0.2375,0.26401065373838906,0.4984893462616109
0.23723574037060713,0.2645,0.49826425962939286
0.237,0.26493231161452024,0.49806768838547977
0.23696290656928298,0.265,0.498037093430717
0.23668563925012306,0.2655,0.4978143607498769
0.2365,0.2658314819702642,0.4976685180297359
0.23640515496982628,0.266,0.4975948450301737
0.2361207125745518,0.2665,0.4973792874254482
0.236,0.2667100309440837,0.4972899690559163
0.23554095124163857,0.2675,0.49695904875836144
0.2355,0.26756947598520353,0.4969305240147964
0.23524495695187317,0.268,0.4967550430481268
0.235,0.26840990710871093,0.4965900928912891
0.23494588732521327,0.2685,0.4965541126747867
0.23464248560731846,0.269,0.4963575143926815
0.2345,0.2692326932945837,0.49626730670541636
0.2343354816807848,0.2695,0.4961645183192152
0.2340250787760115,0.27,0.49597492122398845
0.234,0.2700399941095315,0.4959600058904685
0.23371006259934393,0.2705,0.4957899374006561
0.2335,0.2708305841990163,0.49566941580098367
0.23339178879016448,0.271,0.49560821120983556
0.2330696092395813,0.2715,0.49543039076041867
0.233,0.27160705575288374,0.4953929442471163
0.23274316563664027,0.272,0.49525683436335965
0.2325,0.2723691419942581,0.49513085800574186
0.23241334451251305,0.2725,0.4950866554874869
0.23207939959164553,0.273,0.4949206004083545
0.232,0.2731178767067961,0.4948821232932039
0.23174124139363866,0.2735,0.49475875860636137
0.2315,0.27385359331458015,0.4946464066854198
0.23139957727649424,0.274,0.4946004227235057
0.23105387648615253,0.2745,0.4944461235138475
0.231,0.2745772781394635,0.49442272186053654
0.23070369771861798,0.275,0.494296302281382
0.2305,0.27528851681182137,0.4942114831881786
0.23034987553990102,0.2755,0.4941501244600989
0.23,0.2759893695362516,0.49401063046374843
0.2299923579004476,0.276,0.4940076420995524
0.2296299013860994,0.2765,0.4938700986139006
0.2295,0.2766779404340346,0.49382205956596537
0.22926358544885778,0.277,0.49373641455114214
0.229,0.2773566108068222,0.4936433891931778
0.22889342235694665,0.2775,0.4936065776430533
0.22851917566844798,0.278,0.49348082433155205
0.2285,0.27802542167440075,0.4934745783255992
0.22814000830758377,0.2785,0.49335999169241623
0.228,0.27868335201595656,0.49331664798404345
0.2277568313266257,0.279,0.49324316867337425
0.2275,0.2793322483271294,0.4931677516728706
0.22736958131726454,0.2795,0.4931304186827355
0.227,0.27997229299650345,0.4930277070034966
0.22697819273406464,0.28,0.49302180726593536
0.22658181433603086,0.2805,0.4929181856639691
0.2265,0.2806025285570299,0.4928974714429701
0.22618097837605863,0.281,0.4928190216239413
0.226,0.28122406956222784,0.4927759304377722
0.22577581880432782,0.2815,0.4927241811956722
0.2255,0.2818373815397408,0.49266261846025916
0.2253662620299852,0.282,0.4926337379700148
0.225,0.2824426191895412,0.4925573808104588
0.22495223192897337,0.2825,0.4925477680710266
0.22453332031956377,0.283,0.4924666796804363
0.2245,0.2830395145228559,0.49246048547714405
0.22410934328651003,0.2835,0.49239065671349
0.224,0.2836281219783508,0.4923718780216492
0.22368068172675168,0.284,0.4923193182732483
0.2235,0.28420918291534364,0.49229081708465633
0.22324725007218352,0.2845,0.49225274992781654
0.223,0.2847828293842771,0.4922171706157229
0.22280895973931142,0.285,0.49219104026068855
0.2225,0.28534918926439584,0.4921508107356041
0.2223657190007397,0.2855,0.49213428099926027
0.222,0.2859083864174944,0.49209161358250564
0.22191743284997378,0.286,0.49208256715002624
0.2215,0.28646054083480393,0.49203945916519604
0.22146400285911488,0.2865,0.4920359971408852
0.2210052716520851,0.287,0.49199472834791486
0.221,0.28700571227205585,0.4919942877279442
0.2205408662821204,0.2875,0.4919591337178796
0.2205,0.28754375336405025,0.4919562466359497
0.22007105042307254,0.288,0.4919289495769275
0.22,0.2880751600649684,0.4919248399350316
0.21959571305134792,0.2885,0.49190428694865207
0.2195,0.28860003566595166,0.4918999643340483
0.21911473903501008,0.289,0.4918852609649899
0.219,0.2891184803362185,0.4918815196637815
0.21862800894757534,0.2895,0.49187199105242463
0.2185,0.28963059123070406,0.4918694087692959
0.2181353988715307,0.29,0.49186460112846936
0.218,0.29013646259318776,0.49186353740681227
0.21763678019088914,0.2905,0.49186321980911085
0.2175,0.29063618585510176,0.4918638141448982
0.21713201937207843,0.291,0.49186798062792153
0.217,0.29112984973025363,0.4918701502697464
0.21662097773237657,0.2915,0.4918790222676235
0.2165,0.29161754030563297,0.491882459694367
0.2161035111950738,0.292,0.49189648880492626
0.216,0.292099341128513,0.49190065887148704
0.2155794700304533,0.2925,0.4919205299695467
0.2155,0.29257533328999596,0.491924666710004
0.2150486985816353,0.293,0.4919513014183647
0.215,0.29304559550519405,0.491954404494806
0.2145110349742301,0.2935,0.49198896502576994
0.2145,0.29351020419017787,0.4919897958098221
0.214,0.2939689584089679,0.4920310415910321
0.21396590364729226,0.294,0.49203409635270773
0.2135,0.29442206952759437,0.4920779304724056
0.2134133044923525,0.2945,0.4920866955076475
0.213,0.29486970088349496,0.4921302991165051
0.2128531814906019,0.295,0.4921468185093982
0.2125,0.2953119218551692,0.4921880781448308
0.21228533877170108,0.2955,0.49221466122829893
0.212,0.29574879980752966,0.4922512001924704
0.21170957215389855,0.296,0.4922904278461015
0.2115,0.29618040015476244,0.49231959984523754
0.2111256687047141,0.2965,0.49237433129528596
0.211,0.29660678642075206,0.492393213579248
0.21053340627338185,0.297,0.4924665937266181
0.2105,0.29702802029716696,0.492471979702833
0.21,0.29744368381718816,0.49255631618281187
0.209931658156213,0.2975,0.49256834184378706
0.2095,0.2978540382280986,0.4926459617719014
0.20932048889921767,0.298,0.4926795111007823
0.209,0.29825938256456547,0.49274061743543457
0.20870007488358294,0.2985,0.492799925116417
0.2085,0.29865977280843337,0.4928402271915666
0.20807014241417487,0.299,0.49292985758582514
0.208,0.29905526332714255,0.4929447366728575
0.2075,0.2994454545030182,0.4930545454969818
0.2074294204867813,0.2995,0.49307057951321875
0.207,0.29983035666856767,0.4931696433314324
0.2067774196238339,0.3,0.4932225803761661
0.2065,0.3002104857540359,0.49328951424596407
0.20611479416601447,0.3005,0.4933852058339856
0.206,0.30058589103606786,0.4934141089639322
0.2055,0.3009562633793864,0.49354373662061357
0.20544032327957634,0.301,0.4935596767204237
0.205,0.3013212704363706,0.49367872956362946
0.2047525936623838,0.3015,0.49374740633761627
0.2045,0.30168166944665376,0.49381833055334623
0.2040529077574376,0.302,0.49394709224256245
0.204,0.3020375050067333,0.4939624949932667
0.2035,0.3023879199411578,0.49411208005884216
0.20333833169397533,0.3025,0.4941616683060247
0.203,0.30273352989406477,0.49426647010593516
0.2026098279531938,0.303,0.4943901720468062
0.2025,0.3030746820299015,0.4944253179700985
0.202,0.30341070600507947,0.4945892939949206
0.20186555082977767,0.3035,0.49463444917022237
0.2015,0.3037417298367566,0.49475827016324336
0.20110504292808265,0.304,0.4948949570719174
0.201,0.3040683949098417,0.4949316050901582
0.2005,0.30438987040130183,0.49511012959869816
0.20032657476605395,0.3045,0.49517342523394603
0.2,0.3047064972806385,0.49529350271936157
0.199530307290958,0.305,0.495469692709042
0.1995,0.3050188581619457,0.4954811418380543
0.1985,0.30562803154310064,0.49587196845689935
0.198,0.30592567946889826,0.4960743205311018
0.19787334554603242,0.306,0.4961266544539676
0.1975,0.30621815619478016,0.49628184380521984
0.1970113242111636,0.3065,0.4964886757888364
0.197,0.3065065039545125,0.4964934960454874
0.1965,0.30678912667662384,0.49671087332337616
0.19612178457734533,0.307,0.4968782154226547
0.196,0.30706761819175776,0.4969323818082423
0.1955,0.30734083467169643,0.49715916532830357
0.1945,0.30787316894940225,0.49762683105059774
0.19425551767081084,0.308,0.49774448232918916
0.194,0.30813200845055416,0.4978679915494459
0.1935,0.3083860153270174,0.49811398467298257
0.1932716635996851,0.3085,0.49822833640031494
0.193,0.3086350555010436,0.49836494449895635
0.1925,0.3088792566298056,0.4986207433701944
0.19224818270406088,0.309,0.49875181729593915
0.192,0.30911851288339687,0.4988814871166032
0.1915,0.3093527726496841,0.4991472273503159
0.1905,0.3098064401024031,0.4996935598975969
0.1900597596346673,0.31,0.49994024036533263
0.19,0.3100261675596171,0.49997383244038296
0.1895,0.3102401325832018,0.5002598674167982
0.18887716412276634,0.3105,0.5006228358772337
0.1885,0.31065372052090073,0.5008462794790993
0.188,0.3108528500087958,0.5011471499912042
0.1876215523484401,0.311,0.5013784476515599
0.1875,0.3110470711303901,0.5014529288696099
0.187,0.31123558911013033,0.5017644108898696
0.1865,0.31141944148617146,0.5020805585138286
0.18627468361948404,0.3115,0.5022253163805159
0.186,0.31159781122928,0.5024021887707201
0.1855,0.311770791609392,0.5027292083906081
0.1845,0.3121013375577171,0.5033986624422829
0.184,0.3122583238689574,0.5037416761310427
0.1835,0.3124102582453369,0.504089741754663
0.183193933379218,0.3125,0.504306066620782
0.183,0.31255663296385205,0.5044433670361479
0.1825,0.3126971585908838,0.5048028414091161
0.182,0.3128324318257728,0.5051675681742273
0.1815,0.31296237302811764,0.5055376269718823
0.18134855106096157,0.313,0.5056514489390385
0.181,0.3130862445834734,0.5059137554165265
0.1805,0.3132043745703211,0.5062956254296789
0.18,0.3133169645706349,0.5066830354293652
0.1795,0.31342393134528296,0.5070760686547171
0.17912405770969836,0.3135,0.5073759422903016
0.1785,0.3136197402424285,0.5078802597575716
0.178,0.3137086417888237,0.5082913582111763
0.1775,0.313791617351365,0.5087083826486349
0.1765,0.31393943645104005,0.50956056354896
0.1760315967409724,0.314,0.5099684032590275
0.176,0.31400406857177815,0.5099959314282219
0.1755,0.3140619990825748,0.5104380009174252
0.1745,0.3141587676492213,0.5113412323507787
0.174,0.31419741742751195,0.5118025825724881
0.1735,0.3142294498083491,0.5122705501916509
0.1725,0.3142732710643561,0.5132267289356439
0.172,0.3142848608188023,0.5137151391811978
0.1715,0.3142894348897694,0.5142105651102307
0.1705,0.31427712201185926,0.5152228779881407
0.17,0.31426002438550793,0.515739975614492
0.1695,0.3142354896727718,0.5162645103272282
0.1685,0.3141636708620584,0.5173363291379416
0.168,0.3141161637621649,0.5178838362378351
0.1675,0.31406077352042466,0.5184392264795754
0.1665,0.31392527988938695,0.5195747201106131
0.166,0.31384489140147676,0.5201551085985232
0.1655,0.313756075788019,0.520743924211981
0.1645,0.3135526653350321,0.5219473346649679
0.16427026146694784,0.3135,0.5222297385330522
0.1635,0.31331248990720334,0.5231875100927967
0.163,0.3131785307719107,0.5238214692280893
0.1625,0.3130352893716064,0.5244647106283936
0.1615,0.31271803766206263,0.5257819623379374
0.161,0.3125446486550982,0.5264553513449017
0.16087787778301474,0.3125,0.5266221222169852
0.1605,0.31236012915466627,0.5271398708453338
0.16,0.3121650459067504,0.5278349540932495
0.15959796308922244,0.312,0.5284020369107776
0.1595,0.3119592770677594,0.5285407229322406
0.1585,0.31151293238530636,0.5299870676146936
0.158472897665442,0.3115,0.530027102334558
0.1575,0.3110186781107222,0.5314813218892778
0.15746451421505958,0.311,0.5315354857849404
0.157,0.3107523208616684,0.5322476791383316
0.15654630194210706,0.3105,0.5329536980578929
0.1565,0.31047391054205314,0.5330260894579468
0.156,0.31018124174952266,0.5338187582504773
0.15570220817751557,0.31,0.5342977918224845
0.1555,0.3098752875383638,0.5346247124616362
0.15491677862263725,0.3095,0.5355832213773627
0.1545,0.30921982531568615,0.5362801746843139
0.1535,0.30850415281782567,0.5379958471821744
0.15349450037368959,0.3085,0.5380054996263104
0.1525,0.3077219250320141,0.5397780749679859
0.15223207030594865,0.3075,0.5402679296940514
0.1515,0.306869866991867,0.541630133008133
0.15109178058886724,0.3065,0.5424082194111328
0.1505,0.30594137018303785,0.5435586298169621
0.15005362228314675,0.3055,0.5444463777168532
0.1495,0.3049290214655784,0.5455709785344216
0.14910163458740908,0.3045,0.5463983654125909
0.1485,0.3038244768667925,0.5476755231332076
0.14822292691417896,0.3035,0.5482770730858211
0.1475,0.30261831088277025,0.5498816891172298
0.1474069713548902,0.3025,0.5500930286451098
0.14664805525406274,0.3015,0.5518519447459372
0.1465,0.301297397607796,0.552202602392204
0.1459385191376281,0.3005,0.5535614808623719
0.14560149361553626,0.3,0.5543985063844636
0.1455,0.29984682725359646,0.5546531727464036
0.1452753642557508,0.2995,0.5552246357442492
0.145,0.29906710851980084,0.5559328914801991
0.14495825560512554,0.299,0.5560417443948744
0.14465240705063065,0.2985,0.5568475929493694
0.1445,0.29824627318701413,0.5572537268129859
0.14435527001305262,0.298,0.5576447299869474
0.1440667422310295,0.2975,0.5584332577689705
0.14351573404514584,0.2965,0.5599842659548542
0.1435,0.29647057876536054,0.5600294212346395
0.14299703841848097,0.2955,0.561502961581519
0.1427501230267539,0.295,0.562249876973246
0.14250831187542273,0.2945,0.5629916881245773
0.1425,0.2944824935169119,0.5630175064830881
0.14227548749208016,0.294,0.5637245125079198
0.14204771727606896,0.2935,0.564452282723931
0.14161337474712943,0.2925,0.5658866252528706
0.1415,0.29223001416959593,0.5662699858304041
0.14120360847295121,0.2915,0.5672963915270488
0.141006479793802,0.291,0.5679935202061981
0.141,0.2909832228574622,0.5680167771425377
0.14081687832376433,0.2905,0.5686831216762357
0.14045176623653322,0.2895,0.5700482337634668
0.14027812145397833,0.289,0.5707218785460217
0.14010867831329074,0.2885,0.5713913216867093
0.14,0.2881714833359781,0.5718285166640219
0.13994429925238205,0.288,0.5720557007476179
0.13978570198663462,0.2875,0.5727142980133654
0.13963114657225428,0.287,0.5733688534277457
0.1395,0.28656454306568946,0.5739354569343106
0.13948090726958495,0.2865,0.5740190927304151
0.13933661782704945,0.286,0.5746633821729505
0.13919622250131458,0.2855,0.5753037774986854
0.13905969795921427,0.285,0.5759403020407858
0.139,0.2847753083008383,0.5762246916991617
0.13892812708369712,0.2845,0.576571872916303
0.13867804959634308,0.2835,0.5778219504036569
0.13855859358546427,0.283,0.5784414064145358
0.1385,0.2827471993088391,0.5787528006911609
0.13844368154399284,0.2825,0.5790563184560071
0.1382264168016148,0.2815,0.5802735831983853
0.13812315238632022,0.281,0.5808768476136797
0.13802344146052906,0.2805,0.581476558539471
0.138,0.280378329403309,0.581621670596691
0.13792832467596086,0.28,0.5820716753240391
0.13783700916527644,0.2795,0.5826629908347236
0.13774913550941223,0.279,0.5832508644905877
0.13766468670982485,0.2785,0.5838353132901752
0.13758364602876147,0.278,0.5844163539712385
0.13750599698590502,0.2775,0.584994003014095
0.1375,0.2774597053586332,0.5850402946413669
0.13743269567151253,0.277,0.5855673043284875
0.13736278688331405,0.2765,0.586137213116686
0.13729616988435275,0.276,0.5867038301156472
0.1372328297685144,0.2755,0.5872671702314856
0.13717275186177835,0.275,0.5878272481382216
0.1371159217193893,0.2745,0.5883840782806107
0.13706232512307923,0.274,0.5889376748769207
0.13701194807834066,0.2735,0.5894880519216592
0.137,0.2733735399889212,0.5896264600110788
0.13696526564865455,0.273,0.5900347343513455
0.1369218945834069,0.2725,0.5905781054165931
0.1368816558582868,0.272,0.5911183441417132
0.13681052507140917,0.271,0.5921894749285909
0.13677960833636219,0.2705,0.5927203916636379
0.136751774590293,0.27,0.593248225409707
0.13670530889257432,0.269,0.5942946911074257
0.13668665383760928,0.2685,0.5948133461623908
0.13667103556074497,0.268,0.595328964439255
0.13664886521419894,0.267,0.596351134785801
0.13664229154320398,0.2665,0.5968577084567961
0.13663871144373949,0.266,0.5973612885562605
0.13664049074846413,0.265,0.5983595092515358
0.1366458299902125,0.2645,0.5988541700097876
0.13665412247494682,0.264,0.5993458775250532
0.13667952875863584,0.263,0.6003204712413641
0.1366966237754066,0.2625,0.6008033762245935
0.13671663446739696,0.262,0.6012833655326031
0.13676536714712734,0.261,0.6022346328528726
0.13679407167854218,0.2605,0.6027059283214578
0.13682565696937418,0.26,0.6031743430306258
0.13689743668089177,0.259,0.6041025633191083
0.13693761492065612,0.2585,0.6045623850793438
0.13698064155507425,0.258,0.6050193584449257
0.137,0.257789185052988,0.605210814947012
0.13702685861226566,0.2575,0.6054731413877343
0.13707619962533435,0.257,0.6059238003746656
0.13712840099249113,0.2565,0.6063715990075089
0.13718345516876207,0.256,0.6068165448312379
0.13724135476207486,0.2555,0.6072586452379252
0.1373020925318998,0.255,0.6076979074681003
0.13736566138791664,0.2545,0.6081343386120834
0.137432054388706,0.254,0.608567945611294
0.1375,0.25350915231707916,0.6089908476829209
0.13750128128116385,0.2535,0.6089987187188362
0.13757424238379173,0.253,0.6094257576162082
0.13765004056710115,0.2525,0.6098499594328988
0.13772866920613153,0.252,0.6102713307938685
0.13781012182305263,0.2515,0.6106898781769474
0.13789439208594043,0.251,0.6111056079140595
0.13798147380757678,0.2505,0.6115185261924232
0.138,0.2503970863853802,0.6116029136146197
0.1380722879906158,0.25,0.6119277120093842
0.13826288651963736,0.249,0.6127371134803626
0.13836241785076692,0.2485,0.6131375821492331
0.1384647628826084,0.248,0.6135352371173917
0.13868017169034322,0.247,0.6143198283096568
0.13879234973697765,0.2465,0.6147076502630224
0.13890735051782688,0.246,0.6150926494821731
0.139,0.24560695449751604,0.615393045502484
0.13902549455321278,0.2455,0.6154745054467872
0.13914768292797208,0.245,0.6158523170720279
0.13927270891067065,0.2445,0.6162272910893294
0.139400567444811,0.244,0.616599432555189
0.1395,0.2436197297123147,0.6168802702876853
0.13953165780027113,0.2435,0.616968342199729
0.13966688931208562,0.243,0.6173331106879144
