'p1','p2','p3'
0.383794759035175,0.235,0.381205240964825
0.384,0.23450465740419912,0.38149534259580087
0.38420883103266235,0.234,0.38179116896733767
0.384616513696329,0.233,0.382383486303671
0.385,0.23204647798134934,0.3829535220186506
0.3850186684320667,0.232,0.38298133156793335
0.3854133251475257,0.231,0.38358667485247433
0.3858023609029722,0.23,0.38419763909702787
0.386,0.22948340696092173,0.38451659303907826
0.3861847046903792,0.229,0.3848152953096208
0.3865602118346833,0.228,0.38543978816531665
0.38692978972531766,0.227,0.38607021027468236
0.387,0.22680626176094634,0.3861937382390537
0.387291810804229,0.226,0.3867081891957711
0.38764733971156734,0.225,0.3873526602884326
0.38799662012687663,0.224,0.3880033798731234
0.388,0.2239901058388144,0.3880098941611856
0.3883377865055465,0.223,0.3886622134944535
0.3886724789301161,0.222,0.3893275210698839
0.389,0.22100179773039239,0.3899982022696076
0.38900058909583674,0.221,0.38999941090416324
0.38932035042544244,0.22,0.3906796495745576
0.38963331700625486,0.219,0.3913666829937451
0.3899393615598778,0.218,0.3920606384401222
0.39,0.21779657082618642,0.39220342917381357
0.39023713574416546,0.217,0.3927628642558346
0.3905274543671299,0.216,0.39347254563287015
0.3908104954618366,0.215,0.3941895045381635
0.391,0.2143116465347873,0.3946883534652127
0.39108568554387063,0.214,0.39491431445612935
0.3913523995926769,0.213,0.39564760040732316
0.3916114672528471,0.212,0.3963885327471529
0.39186274927709336,0.211,0.3971372507229066
0.392,0.21043507210976203,0.39756492789023795
0.39210556432579685,0.21,0.39789443567420313
0.3923396514955432,0.209,0.39866034850445686
0.39256556461920256,0.208,0.3994344353807975
0.39278315683592596,0.207,0.40021684316407413
0.3929922791121636,0.206,0.4010077208878364
0.393,0.20596135195010506,0.4010386480498949
0.39319180123903985,0.205,0.4018081987609602
0.39338255384543747,0.204,0.40261744615456263
0.39356442110332285,0.203,0.4034355788966771
0.3937372456477501,0.202,0.40426275435224984
0.393900867735254,0.201,0.405099132264746
0.394,0.20035649667562902,0.40564350332437094
0.39405484589063244,0.2,0.40594515410936755
0.3941988406610091,0.199,0.4068011593389909
0.39433318794895816,0.198,0.40766681205104177
0.39445771887454373,0.197,0.40854228112545626
0.3945722619486322,0.196,0.40942773805136773
0.39467664302008676,0.195,0.41032335697991323
0.3947706852216526,0.194,0.4112293147783474
0.3948542089144933,0.193,0.4121457910855067
0.3949270316313368,0.192,0.4130729683686632
0.39498896801818856,0.191,0.4140110319818114
0.395,0.1907824677114736,0.41421753228852637
0.39503962823710614,0.19,0.41496037176289385
0.395079023625021,0.189,0.415920976374979
0.39510701662542697,0.188,0.4168929833745731
0.3951234107550449,0.187,0.417876589244955
0.3951280063495299,0.186,0.41887199365047006
0.3951206004960392,0.185,0.41987939950396075
0.39510098696403523,0.184,0.42089901303596483
0.395068956134266,0.183,0.42193104386573405
0.3950242949258653,0.182,0.4229757050741347
0.395,0.18157664320568295,0.42342335679431703
0.3949666174651579,0.181,0.4240333825348422
0.3948956822360959,0.18,0.42510431776390417
0.3948113878865521,0.179,0.4261886121134479
0.39471350549137973,0.178,0.4272864945086203
0.3946018022443494,0.177,0.42839819775565063
0.3944760413720516,0.176,0.4295239586279484
0.39433598204542564,0.175,0.4306640179545744
0.3941813792888343,0.174,0.4318186207111658
0.39401198388660336,0.173,0.4329880161133966
0.394,0.17293480451300988,0.4330651954869901
0.3938266581333531,0.172,0.43417334186664686
0.393625887599328,0.171,0.43537411240067203
0.393409469719191,0.17,0.43659053028080896
0.3931771358398617,0.169,0.43782286416013827
0.393,0.16828650397992875,0.43871349602007126
0.39292824473919624,0.168,0.4390717552608038
0.392661887711486,0.167,0.44033811228851394
0.3923786920629444,0.166,0.44162130793705556
0.3920783677083335,0.165,0.4429216322916665
0.392,0.1647526925356291,0.4432473074643709
0.3917593795082994,0.164,0.44424062049170054
0.3914221674035337,0.163,0.44557783259646633
0.3910668290193331,0.162,0.44693317098066687
0.391,0.16182067595035554,0.44717932404964444
0.3906914528076943,0.161,0.4483085471923056
0.39029686955953885,0.16,0.4497031304404612
0.39,0.1592817944834852,0.45071820551651476
0.3898824880734152,0.159,0.4511175119265848
0.3894469297583565,0.158,0.4525530702416435
0.389,0.15701880290425863,0.45398119709574136
0.38899135927379985,0.157,0.45400864072620006
0.3885130160368066,0.156,0.4554869839631933
0.38801389036481254,0.155,0.4569861096351875
0.388,0.15497320804501527,0.45702679195498475
0.3874909414228706,0.154,0.4585090585771293
0.387,0.1530983040492884,0.4599016959507116
0.38694599865980756,0.153,0.46005400134019236
0.3863763138241105,0.152,0.46162368617588945
0.386,0.15136372952371058,0.4626362704762894
0.3857829488637092,0.151,0.46321705113629075
0.38516452347039565,0.15,0.46483547652960433
0.385,0.14974300162531679,0.4652569983746832
0.38452007375348396,0.149,0.466479926246516
0.384,0.14822238727866363,0.46777761272133633
0.38384992413401653,0.148,0.46815007586598345
0.383152393279137,0.147,0.469847606720863
0.383,0.14678848975596792,0.47021151024403207
0.38242675133138776,0.146,0.4715732486686123
0.382,0.14543168753136207,0.47256831246863795
0.38167289832055706,0.145,0.4733271016794429
0.381,0.144139521959179,0.474860478040821
0.38088989902359827,0.144,0.4751101009764017
0.38007636600118005,0.143,0.4769236339988199
0.38,0.1429088839492352,0.4770911160507648
0.37923128126462347,0.142,0.4787687187353765
0.379,0.14173452167230594,0.47926547832769406
0.37835422059947776,0.141,0.4806457794005222
0.378,0.14060860533050187,0.4813913946694981
0.3774441244090058,0.14,0.4825558755909941
0.377,0.1395273486724104,0.4834726513275896
0.3764998966635793,0.139,0.4845001033364207
0.376,0.1384873282296636,0.4855126717703364
0.37552040331506836,0.138,0.4864795966849317
0.375,0.13748543997214566,0.4875145600278543
0.37450447063086834,0.137,0.48849552936913165
0.374,0.13651886202103536,0.48948113797896464
0.37345088344284444,0.136,0.4905491165571555
0.373,0.13558502245392948,0.49141497754607055
0.372358383306153,0.135,0.492641616693847
0.372,0.13468157140832215,0.49331842859167785
0.37122566656256134,0.134,0.4947743334374387
0.371,0.13380635682800857,0.49519364317199144
0.37005138230252516,0.133,0.4969486176974749
0.37,0.13295740330875633,0.4970425966912437
0.369,0.13213580363781796,0.49886419636218204
0.3688331532074377,0.132,0.4991668467925623
0.368,0.13133831384095915,0.5006616861590408
0.36756992317701725,0.131,0.5014300768229827
0.367,0.13056239828276278,0.5024376017172372
0.3662604719060451,0.13,0.5037395280939548
0.366,0.12980658657229033,0.5041934134277097
0.365,0.12907098065452005,0.50592901934548
0.36490263588082594,0.129,0.506097364119174
0.364,0.1283572140847634,0.5076427859152366
0.36349346631998997,0.128,0.50850653368001
0.363,0.12765996631632898,0.5093400336836711
0.36203280752726624,0.127,0.5109671924727337
0.362,0.12697811979274304,0.511021880207257
0.361,0.12631695508205756,0.5126830449179425
0.36051588222479697,0.126,0.5134841177752031
0.36,0.12566976985350076,0.5143302301464993
0.359,0.12503589663799905,0.5159641033620009
0.3589428703505775,0.125,0.5160571296494225
0.358,0.12442056414906981,0.5175794358509302
0.35730873234762556,0.124,0.5186912676523744
0.357,0.1238162471654605,0.5191837528345395
0.356,0.12322655165056913,0.5207734483494308
0.35561215679161684,0.123,0.5213878432083832
0.355,0.12265008156724207,0.5223499184327579
0.354,0.12208410292192688,0.5239158970780732
0.3538500643646582,0.122,0.5241499356353417
0.353,0.12153326426941297,0.5254667357305871
0.3520186676692689,0.121,0.5269813323307311
0.352,0.12099006844610921,0.5270099315538908
0.351,0.12046263408568156,0.5285373659143184
0.3501136623675048,0.12,0.5298863376324953
0.35,0.11994190169207201,0.530058098307928
0.349,0.11943526992145281,0.5315647300785472
0.34813189479247125,0.119,0.5328681052075288
0.348,0.11893522257350449,0.5330647774264955
0.347,0.1184484671432551,0.534551532856745
0.3460689505559944,0.118,0.5359310494440056
0.346,0.1179674612471516,0.5360325387528484
0.345,0.11749971666722119,0.5375002833327789
0.344,0.11703690579177667,0.5389630942082233
0.3439195362743198,0.117,0.5390804637256802
0.343,0.11658668640751396,0.540413313592486
0.342,0.11614188545381186,0.541858114546188
0.34167797594291843,0.116,0.5423220240570815
0.341,0.11570720477875437,0.5432927952212456
0.34,0.11527966670959185,0.544720333290408
0.33933922857110604,0.115,0.5456607714288939
0.339,0.11485924599097828,0.5461407540090217
0.338,0.1144482694007672,0.5475517305992327
0.337,0.11404166266151035,0.5489583373384896
0.33689657865631467,0.114,0.5491034213436853
0.336,0.11364584232766015,0.5503541576723397
0.335,0.11325498227026128,0.5517450177297387
0.3343409178644404,0.113,0.5526590821355596
0.334,0.1128706518499606,0.5531293481500393
0.333,0.11249492687912592,0.5545050731208742
0.332,0.11212324862303528,0.5558767513769647
0.3316651039637345,0.112,0.5563348960362655
0.331,0.1117599050443502,0.5572400949556499
0.33,0.111402649491607,0.558597350508393
0.329,0.11104928540900479,0.5599507145909952
0.32885915524920295,0.111,0.5601408447507971
0.328,0.11070505120708392,0.561294948792916
0.327,0.11036544689325994,0.56263455310674
0.326,0.11002959024964108,0.5639704097503588
0.32591101998302974,0.11,0.5640889800169703
0.325,0.1097027294518557,0.5652972705481444
0.324,0.10938001457266251,0.5666199854273374
0.323,0.10906091400734995,0.5679390859926501
0.3228071397147493,0.109,0.5681928602852507
0.322,0.1087498177741372,0.5692501822258628
0.321,0.1084432818752491,0.570556718124751
0.32,0.10814023648385629,0.5718597635161436
0.3195321960613908,0.108,0.5724678039386092
0.319,0.10784341040283484,0.5731565895971652
0.318,0.10755238989417162,0.5744476101058283
0.317,0.10726474483699805,0.575735255163002
0.3160688045849924,0.107,0.5769311954150076
0.316,0.10698079765233706,0.5770192023476629
0.315,0.10670467179452159,0.5782953282054785
0.314,0.1064318143657244,0.5795681856342756
0.313,0.1061622145280216,0.5808377854719784
0.3123912664649033,0.106,0.5816087335350967
0.312,0.10589763526214337,0.5821023647378566
0.311,0.10563899136364296,0.5833610086363571
0.31,0.10538350672801522,0.5846164932719847
0.309,0.10513117207021014,0.5858688279297899
0.30847390373688055,0.105,0.5865260962631195
0.308,0.1048839777839623,0.5871160222160376
0.307,0.10464207640598638,0.5883579235940137
0.306,0.10440323458989871,0.5895967654101012
0.305,0.10416744448055422,0.5908325555194458
0.30428079567656097,0.104,0.591719204323439
0.304,0.1039357994997213,0.5920642005002786
0.303,0.10370995677022458,0.5932900432297755
0.302,0.10348708255257968,0.5945129174474203
0.301,0.10326717031371659,0.5957328296862835
0.3,0.10305021373988538,0.5969497862601145
0.2997655563588955,0.103,0.5972344436411046
0.299,0.10283895327535933,0.5981610467246408
0.298,0.10263142126534233,0.5993685787346577
0.297,0.10242676934246611,0.600573230657534
0.296,0.10222499240983395,0.601775007590166
0.295,0.10202608557849936,0.6029739144215007
0.29486705686285786,0.102,0.6031329431371422
0.294,0.10183288005799511,0.6041671199420049
0.293,0.1016429157340081,0.605357084265992
0.292,0.10145575285450702,0.6065442471454929
0.291,0.10127138765744378,0.6077286123425563
0.29,0.10108981657956793,0.608910183420432
0.2894978611480973,0.101,0.6095021388519027
0.289,0.10091251426213844,0.6100874857378616
0.288,0.10073944032897378,0.6112605596710262
0.287,0.1005690981737715,0.6124309018262286
0.286,0.1004014852835604,0.6135985147164396
0.285,0.10023659933699035,0.6147634006630097
0.284,0.10007443820423495,0.6159255617957651
0.28353335640971566,0.1,0.6164666435902844
0.283,0.09991640518455316,0.617083594815447
0.282,0.0997622745425493,0.6182377254574507
0.281,0.09961081295551823,0.6193891870444818
0.28,0.09946201927374047,0.6205379807262595
0.279,0.09931589253388524,0.6216841074661147
0.278,0.09917243195920715,0.6228275680407929
0.277,0.09903163695978415,0.6239683630402159
0.2767711204320158,0.099,0.6242288795679842
0.276,0.09889525831959066,0.6251047416804093
0.275,0.09876201689695599,0.626237983103044
0.274,0.09863139204812628,0.6273686079518737
0.273,0.09850338410298552,0.6284966158970144
0.272,0.09837799357521386,0.6296220064247862
0.271,0.09825522116280917,0.6307447788371908
0.27,0.09813506774865115,0.6318649322513489
0.269,0.09801753440110761,0.6329824655988924
0.2688475202353812,0.098,0.6331524797646187
0.268,0.09790421466277063,0.6340957853372293
0.267,0.09779375811879577,0.6352062418812042
0.266,0.0976858795239852,0.6363141204760148
0.265,0.0975805808195994,0.6374194191804006
0.264,0.09747786413156904,0.638522135868431
0.263,0.09737773177138417,0.6396222682286158
0.262,0.09728018623702848,0.6407198137629715
0.261,0.09718523021395847,0.6418147697860415
0.26,0.09709286657612885,0.6429071334238712
0.259,0.09700309838706413,0.6439969016129359
0.2589644830906736,0.097,0.6440355169093264
0.258,0.09691729434807742,0.6450827056519226
0.257,0.09683409796223437,0.6461659020377656
0.256,0.09675346257692641,0.6472465374230736
0.255,0.09667539209948718,0.6483246079005128
0.254,0.09659989062864066,0.6494001093713593
0.253,0.09652696245587139,0.6504730375441286
0.252,0.0964566120668451,0.6515433879331549
0.251,0.09638884414288051,0.6526111558571195
0.25,0.09632366356247342,0.6536763364375265
0.249,0.09626107540287338,0.6547389245971267
0.248,0.09620108494171463,0.6557989150582854
0.247,0.09614369765870177,0.6568563023412982
0.246,0.09608891923735104,0.6579110807626489
0.245,0.09603675556678874,0.6589632444332113
0.24425824792436726,0.096,0.6597417520756328
0.244,0.0959874185008292,0.6600125814991709
0.243,0.09594125691017635,0.6610587430898236
0.242,0.09589768538551638,0.6621023146144837
0.241,0.09585671066773305,0.663143289332267
0.24,0.09581833970901088,0.6641816602909891
0.239,0.09578257967498664,0.6652174203250134
0.238,0.0957494379469646,0.6662505620530355
0.237,0.09571892212419703,0.6672810778758029
0.236,0.09569104002623129,0.6683089599737687
0.235,0.09566579969532484,0.6693342003046752
0.234,0.09564320939892972,0.6703567906010703
0.233,0.09562327763224826,0.6713767223677518
0.232,0.09560601312086088,0.6723939868791391
0.231,0.09559142482342832,0.6734085751765717
0.23,0.0955795219344697,0.6744204780655303
0.229,0.09557031388721804,0.675429686112782
0.228,0.09556381035655512,0.6764361896434449
0.227,0.09556002126202746,0.6774399787379726
0.226,0.09555895677094556,0.6784410432290544
0.225,0.09556062730156789,0.6794393726984321
0.224,0.09556504352637227,0.6804349564736277
0.223,0.09557221637541602,0.681427783624584
0.222,0.09558215703978797,0.682417842960212
0.221,0.09559487697515354,0.6834051230248465
0.22,0.09561038790539612,0.6843896120946039
0.219,0.09562870182635644,0.6853712981736436
0.218,0.09564983100967298,0.6863501689903271
0.217,0.09567378800672556,0.6873262119932745
0.216,0.09570058565268494,0.6882994143473151
0.215,0.09573023707067126,0.6892697629293287
0.214,0.09576275567602384,0.6902372443239762
0.213,0.09579815518068566,0.6912018448193143
0.212,0.09583644959770526,0.6921635504022947
0.211,0.09587765324585931,0.6931223467541408
0.21,0.09592178075439908,0.694078219245601
0.209,0.095968847067924,0.6950311529320761
0.208377346009806,0.096,0.6956226539901941
0.208,0.09601916698622438,0.6959808330137757
0.207,0.09607299740937235,0.6969270025906277
0.206,0.09612985945280124,0.6978701405471988
0.205,0.09618976953148464,0.6988102304685154
0.204,0.09625274440764606,0.699747255592354
0.203,0.09631880119654253,0.7006811988034574
0.202,0.09638795737240433,0.7016120426275957
0.201,0.09646023077453635,0.7025397692254636
0.2,0.09653563961358406,0.703464360386416
0.199,0.0966142024779712,0.7043857975220287
0.198,0.09669593834051146,0.7053040616594886
0.197,0.09678086656520228,0.7062191334347977
0.196,0.09686900691420289,0.7071309930857972
0.195,0.09696037955500537,0.7080396204449946
0.1945814436763264,0.097,0.7084185563236736
0.194,0.09705586549878685,0.7089441345012132
0.193,0.09715529451754641,0.7098447054824535
0.192,0.09725806803763634,0.7107419319623637
0.191,0.09736420816515601,0.7116357918348439
0.19,0.09747373745724405,0.712526262542756
0.189,0.09758667893063429,0.7134133210693656
0.188,0.09770305607044975,0.7142969439295503
0.187,0.09782289283924571,0.7151771071607542
0.186,0.09794621368630574,0.7160537863136943
0.1855760677774425,0.098,0.7164239322225575
0.185,0.09807417383379823,0.7169258261662017
0.184,0.09820655312265646,0.7177934468773436
0.183,0.0983425449151601,0.7186574550848398
0.182,0.09848217601305834,0.7195178239869418
0.181,0.09862547376339684,0.7203745262366031
0.18,0.09877246606966937,0.7212275339303307
0.179,0.09892318140329369,0.7220768185967062
0.17850284019971926,0.099,0.7224971598002807
0.178,0.09907883927018143,0.7229211607298186
0.177,0.09923951191683064,0.7237604880831693
0.176,0.09940405135683467,0.7245959486431655
0.175,0.09957248882206732,0.7254275111779327
0.174,0.09974485618409523,0.7262551438159048
0.173,0.0999211859680129,0.727078814031987
0.172563084459714,0.1,0.727436915540286
0.172,0.10010305457191694,0.7278969454280831
0.171,0.10029020890346983,0.7287097910965301
0.17,0.10048148491944277,0.7295185150805572
0.169,0.1006769183323949,0.7303230816676051
0.168,0.10087654559450084,0.7311234544054991
0.16739455662015934,0.101,0.7316054433798407
0.167,0.10108161694014317,0.7319183830598568
0.166,0.10129288106185928,0.7327071189381407
0.165,0.10150851332369858,0.7334914866763014
0.164,0.10172855379216457,0.7342714462078354
0.163,0.10195304337421592,0.735046956625784
0.16279503136307566,0.102,0.7352049686369243
0.162,0.10218474929293693,0.735815250707063
0.161,0.10242175515105821,0.7365782448489417
0.16,0.10266340143034226,0.7373365985696577
0.159,0.10290973315068497,0.738090266849315
0.15864060290504775,0.103,0.7383593970949522
0.158,0.10316318772245639,0.7388368122775436
0.157,0.10342282967209156,0.7395771703279084
0.156,0.10368736407958523,0.7403126359204147
0.155,0.10395684054973137,0.7410431594502687
0.15484283470833674,0.104,0.7411571652916633
0.154,0.10423472704605011,0.7417652729539499
0.153,0.1045183646311423,0.7424816353688577
0.152,0.10480716876670587,0.743192831233294
0.1513443083341676,0.105,0.7436556916658325
0.151,0.10510268047900835,0.7438973195209916
0.15,0.10540637475520379,0.7445936252447962
0.149,0.10571547512420472,0.7452845248757952
0.14809555317209294,0.106,0.7459044468279071
0.148,0.10603047943231415,0.7459695205676858
0.147,0.10635524130621482,0.7466447586937852
0.146,0.10668566520906478,0.7473143347909352
0.14506493528697564,0.107,0.7479350647130244
0.145,0.10702213190348811,0.7479778680965119
0.144,0.10736903450374671,0.7486309654962533
0.143,0.10772187294905777,0.7492781270509422
0.14222504581359374,0.108,0.7497749541864063
0.142,0.10808188205387843,0.7499181179461215
0.141,0.10845206607782205,0.7505479339221779
0.14,0.1088284792953402,0.7511715207046598
0.13955199279833844,0.109,0.7514480072016616
0.139,0.10921422966752323,0.7517857703324767
0.138,0.10960890931315292,0.7523910906868471
0.13702527083711075,0.11,0.7529747291628893
0.137,0.11001027770958292,0.752989722290417
0.136,0.11042395167735293,0.753576048322647
0.135,0.11084442123896114,0.7541555787610389
0.13463609726916984,0.111,0.7543639027308302
0.134,0.11127563674419433,0.7547243632558056
0.133,0.1117161260312996,0.7552838739687004
0.1323659973113661,0.112,0.7556340026886339
0.132,0.1121660851570806,0.7558339148429194
0.131,0.11262740373444813,0.7563725962655519
0.13020524378870266,0.113,0.7567947562112973
0.13,0.11309751323383767,0.7569024867661623
0.129,0.11358050874327362,0.7574194912567264
0.12814525291286225,0.114,0.7578547470871377
0.128,0.11407223875333458,0.7579277612466654
0.127,0.11457779932917647,0.7584222006708236
0.12617807436712478,0.115,0.7588219256328752
0.126,0.1150926871783954,0.7589073128216046
0.125,0.11562174405808434,0.7593782559419157
0.12429633122902478,0.116,0.7597036687709752
0.124,0.1161613983560034,0.7598386016439966
0.123,0.11671492870487167,0.7602850712951283
0.12249316626408578,0.117,0.7605068337359142
0.122,0.11728103374037435,0.7607189662596257
0.121,0.11786006371199911,0.7611399362880009
0.12076219380029216,0.118,0.7612378061997078
0.12,0.11845438418964968,0.7615456158103503
0.11909912423158485,0.119,0.7619008757684151
0.119,0.11906081777745942,0.7619391822225405
0.118,0.11968437839282496,0.762315621607175
0.11750181829547852,0.12,0.7624981817045214
0.117,0.1203220540186451,0.7626779459813549
0.116,0.12097409199018114,0.7630259080098188
0.11596090451718583,0.121,0.7630390954828141
0.115,0.12164500951753841,0.7633549904824616
0.11447947566659829,0.122,0.7635205243334017
0.114,0.12233120767453727,0.7636687923254627
0.11304707942199559,0.123,0.7639529205780045
0.113,0.12303346602558778,0.7639665339744123
0.112,0.12375589555408112,0.764244104445919
0.11166745772628382,0.124,0.7643325422737162
0.111,0.12449621252927803,0.764503787470722
0.11033308372993374,0.125,0.7646669162700662
0.11,0.1252548155654668,0.7647451844345332
0.10904138454002622,0.126,0.7649586154599738
0.109,0.12603257885719452,0.7649674211428055
0.108,0.12683265362806717,0.7651673463719328
0.10779417427835242,0.127,0.7652058257216476
0.107,0.12765386635462675,0.7653461336453733
0.10658630469918362,0.128,0.7654136953008164
0.106,0.12849673642012702,0.765503263579873
0.10541550045651149,0.129,0.7655844995434885
0.105,0.1293622476831883,0.7656377523168117
0.10428023686198575,0.13,0.7657197631380143
0.104,0.1302514168452476,0.7657485831547524
0.10317904006258648,0.131,0.7658209599374135
0.103,0.1311652948586079,0.7658347051413921
0.10211048490112812,0.132,0.7658895150988719
0.102,0.13210496840220928,0.7658950315977907
0.10107319287144856,0.133,0.7659268071285514
0.101,0.13307156142910354,0.7659284385708964
0.10006583016321054,0.134,0.7659341698367894
0.1,0.13406623678988144,0.7659337632101186
0.09908710579152703,0.135,0.765912894208473
0.099,0.13509019793658927,0.7659098020634107
0.09813576980688683,0.136,0.7658642301931131
0.098,0.13614469071198324,0.7658553092880168
0.09721061158110311,0.137,0.7657893884188969
0.097,0.13723100522930468,0.7657689947706954
0.09631045816524034,0.138,0.7656895418347597
0.096,0.13835047784812396,0.7656495221518761
0.09543417271568813,0.139,0.7655658272843119
0.095,0.13950449325219222,0.7654955067478078
0.09458065298475342,0.14,0.7654193470152466
0.094,0.14069448663566533,0.7653055133643347
0.09374882987232983,0.141,0.7652511701276702
0.093,0.14192194600452585,0.7650780539954742
0.09293766603537702,0.142,0.765062333964623
0.09214877087279019,0.143,0.7648512291272098
0.092,0.14319088344349445,0.7648091165565056
0.09138002685842739,0.144,0.7646199731415726
0.091,0.14450198042890558,0.7644980195710944
0.09062936156492278,0.145,0.7643706384350772
0.09,0.14585589609180458,0.7641441039081954
0.08989584154728365,0.146,0.7641041584527163
0.08918179831023655,0.147,0.7638182016897634
0.089,0.14725770493700419,0.7637422950629958
0.08848531720445714,0.148,0.7635146827955428
0.088,0.14870838099864475,0.7632916190013552
0.08780365001087224,0.149,0.7631963499891278
0.08713844358785505,0.15,0.7628615564121449
0.087,0.15021066826044202,0.762789331739558
0.08649026641086664,0.151,0.7625097335891333
0.086,0.15176830924406087,0.7622316907559392
0.08585473127166289,0.152,0.7621452687283371
0.08523532934041819,0.153,0.7617646706595818
0.085,0.1533845491455407,0.7616154508544594
0.0846299710249596,0.154,0.7613700289750404
0.08403588354260631,0.155,0.7609641164573937
0.084,0.15506115017236316,0.7609388498276368
0.08345879578608563,0.156,0.7605412042139144
0.083,0.15680542404463516,0.7601945759553649
0.08289113102292504,0.157,0.760108868977075
0.08233844254328504,0.158,0.7596615574567149
0.082,0.15861976403583772,0.7593802359641624
0.08179607145786122,0.159,0.7592039285421388
0.08126625611973606,0.16,0.7587337438802639
0.081,0.1605086818641102,0.7584913181358899
0.0807474619436255,0.161,0.7582525380563745
0.08023968368139095,0.162,0.757760316318609
0.08,0.16247782067467073,0.7575221793253293
0.07974281440813863,0.163,0.7572571855918613
0.0792562695575827,0.164,0.7567437304424173
0.079,0.1645331919372389,0.7564668080627611
0.0787797346451027,0.165,0.7562202653548973
0.07831365035174018,0.166,0.7556863496482598
0.078,0.1666812060193524,0.7553187939806476
0.07785591759692727,0.167,0.7551440824030727
0.0774095503213426,0.168,0.7545904496786574
0.077,0.16892870562977047,0.7540712943702296
0.0769691428946335,0.169,0.7540308571053664
0.07654177700786513,0.17,0.7534582229921348
0.0761195738244642,0.171,0.7528804261755357
0.076,0.17128680458977313,0.7527131954102269
0.07570821709893151,0.172,0.7522917829010685
0.07530413878221515,0.173,0.7516958612177849
0.075,0.17376206842924977,0.7512379315707503
0.07490683250621806,0.174,0.751093167493782
0.07452022297866492,0.175,0.7504797770213352
0.07413836341228076,0.176,0.7498616365877193
0.074,0.17636699359539068,0.7496330064046094
0.07376588360916092,0.177,0.7492341163908391
0.07340069029523494,0.178,0.7485993097047652
0.07304003450643103,0.179,0.7479599654935689
0.073,0.17911246200611985,0.7478875379938802
0.07269011481801138,0.18,0.7473098851819886
0.07234536110305835,0.181,0.7466546388969417
0.07200494436748736,0.182,0.7459950556325126
0.072,0.18201471822437487,0.7459852817756252
0.07167541907668908,0.183,0.7453245809233109
0.07135017614651804,0.184,0.744649823853482
0.07102908068720182,0.185,0.7439709193127981
0.071,0.1850917873835006,0.7439082126164994
0.07071787855892538,0.186,0.7432821214410745
0.07010861425024265,0.188,0.7418913857497573
0.06952492091964525,0.19,0.7404750790803547
0.069,0.19185295183029807,0.739147048169702
0.06895946766575707,0.192,0.7390405323342428
0.06841940424932814,0.194,0.7375805957506718
0.06789596971892088,0.196,0.7361040302810791
0.06739512710735075,0.198,0.7346048728926493
0.067,0.19961977625396846,0.7333802237460316
0.0669099301321384,0.2,0.7330900698678615
0.06644622702560994,0.202,0.73155377297439
0.06599568144138832,0.204,0.7300043185586117
0.0657798513995956,0.205,0.7292201486004044
0.06556715477223929,0.206,0.7284328452277608
0.06535756925003877,0.207,0.7276424307499613
0.06515107290420886,0.208,0.7268489270957912
0.065,0.20874273078297279,0.7262572692170273
0.0649487599246812,0.209,0.7260512400753188
0.06475265098835753,0.21,0.7252473490116425
0.06455950795753757,0.211,0.7244404920424624
0.06436931071431556,0.212,0.7236306892856845
0.06418203948174842,0.213,0.7228179605182516
0.064,0.21398739444923337,0.7220126055507665
0.06399772493150402,0.214,0.722002275068496
0.06382016123730366,0.215,0.7211798387626963
0.06364540871565193,0.216,0.7203545912843481
0.06347344921577593,0.217,0.7195265507842241
0.06330426489323646,0.218,0.7186957351067635
0.06313783820479522,0.219,0.7178621617952048
0.063,0.21984215469164176,0.7171578453083582
0.0629747157469614,0.22,0.7170252842530387
0.06281726634938639,0.221,0.7161827336506136
0.06266246853350735,0.222,0.7153375314664927
0.06251030619385585,0.223,0.7144896938061441
0.0623607634964148,0.224,0.7136392365035852
0.06221382487425651,0.225,0.7127861751257435
0.062069475023284006,0.226,0.711930524976716
0.062,0.22649015919011412,0.7115098408098859
0.06192929639177447,0.227,0.7110707036082256
0.06179315780481437,0.228,0.7102068421951857
0.06165951076836469,0.229,0.7093404892316353
0.061528341231367696,0.23,0.7084716587686323
0.061399635380486275,0.231,0.7076003646195137
0.06127337963647487,0.232,0.7067266203635252
0.061149560650634205,0.233,0.7058504393493658
0.061028165301347616,0.234,0.7049718346986524
0.061,0.2342368049748933,0.7047631950251068
0.060911214781301105,0.235,0.7040887852186989
0.06079724201823527,0.236,0.7032027579817648
0.06068560428695205,0.237,0.702314395713048
0.06057628954351764,0.238,0.7014237104564823
0.06046928595022024,0.239,0.7005307140497797
0.06036458187261136,0.24,0.6996354181273886
0.060262165876613934,0.241,0.6987378341233861
0.06016202672569651,0.242,0.6978379732743035
0.060064153378111496,0.243,0.6969358466218886
0.06,0.24367104324122651,0.6963289567587734
0.059969249900610526,0.244,0.6960307500993895
0.05987799893668761,0.245,0.6951220010633123
0.059788933362491775,0.246,0.6942110666375082
0.05970204305191532,0.247,0.6932979569480847
0.05961731805654418,0.248,0.6923826819434559
0.05953474860329387,0.249,0.6914652513967061
0.0594543250920983,0.25,0.6905456749079018
0.05937603809365123,0.251,0.6896239619063488
0.05929987834719832,0.252,0.6887001216528017
0.05922583675837899,0.253,0.687774163241621
0.05915390439711726,0.254,0.6868460956028828
0.05908407249555987,0.255,0.6859159275044401
0.059016332446061394,0.256,0.6849836675539386
0.059,0.2562488518939092,0.6847511481060908
0.05895181552842815,0.257,0.6840481844715719
0.058889704646827114,0.258,0.6831102953531729
0.05882961460096228,0.259,0.6821703853990377
0.05877153751784047,0.26,0.6812284624821595
0.05871546567160487,0.261,0.6802845343283951
0.05866139148180835,0.262,0.6793386085181916
0.058609307511726064,0.263,0.6783906924882739
0.058559206466706315,0.264,0.6774407935332937
0.058511081192559045,0.265,0.6764889188074409
0.05846492467398137,0.266,0.6755350753260186
0.0584207300330189,0.267,0.6745792699669811
0.05837849052756274,0.268,0.6736215094724373
0.058338199549880954,0.269,0.672661800450119
0.058299850625184085,0.27,0.6717001493748159
0.058263437410224245,0.271,0.6707365625897758
0.0582289536919265,0.272,0.6697710463080735
0.05819639338605262,0.273,0.6688036066139473
0.05816575053589618,0.274,0.6678342494641039
0.058137019311008634,0.275,0.6668629806889913
0.05811019400595566,0.276,0.6658898059940443
0.05808526903910302,0.277,0.6649147309608969
0.05806223895143209,0.278,0.6639377610485679
0.058041098405383594,0.279,0.6629589015946163
0.058021842183729876,0.28,0.6619781578162701
0.05800446518847461,0.281,0.6609955348115254
0.059,0.32431128251486735,0.6166887174851328
0.05904370729537813,0.325,0.6159562927046218
0.059176022235426076,0.327,0.613823977764574
0.05931555882170569,0.329,0.6116844411782942
0.059462316572321317,0.331,0.6095376834276787
0.05961629652956937,0.333,0.6073837034704306
0.05977750125774957,0.335,0.6052224987422503
0.05994593484200479,0.337,0.6030540651579952
0.06012461961080732,0.339,0.6008753803891926
0.060312079285446324,0.341,0.5986879207145537
0.0605069847781405,0.343,0.5964930152218595
0.06060723325810152,0.344,0.5953927667418984
0.06070934765372824,0.345,0.5942906523462718
0.06081332965960063,0.346,0.5931866703403994
0.06091918107024126,0.347,0.5920808189297587
0.061,0.34775038960246163,0.5912496103975384
0.06102757124482048,0.348,0.5909724287551795
0.061139889220297734,0.349,0.5898601107797022
0.061254133989411395,0.35,0.5887458660105886
0.061370307964181775,0.351,0.5876296920358183
0.061488413662182495,0.352,0.5865115863378175
0.0616084537068815,0.353,0.5853915462931185
0.06173043082800033,0.354,0.5842695691719997
0.06185434786189165,0.355,0.5831456521381083
0.061980207751935114,0.356,0.5820197922480649
0.062,0.3561549662996086,0.5818450337003913
0.06211069651044934,0.357,0.5808893034895507
0.06224367990973847,0.358,0.5797563200902616
0.06237867031934902,0.359,0.578621329680651
0.06251567138590657,0.36,0.5774843286140935
0.06265468687036035,0.361,0.5763453131296397
0.06279572064854835,0.362,0.5752042793514517
0.06293877671178331,0.363,0.5740612232882167
0.063,0.36342219575996904,0.573577804240031
0.06308594301407636,0.364,0.5729140569859237
0.06323671746792726,0.365,0.5717632825320728
0.0633895848808037,0.366,0.5706104151191963
0.06354455003650508,0.367,0.569455449963495
0.06370161784329899,0.368,0.568298382156701
0.06386079333470565,0.369,0.5671392066652944
0.064,0.3698631973669795,0.5661368026330205
0.06402263058658304,0.37,0.5659773694134169
0.06419010394219091,0.371,0.5648098960578091
0.06435976235040339,0.372,0.5636402376495966
0.06453161173381466,0.373,0.5624683882661854
0.06470565815109322,0.374,0.5612943418489068
0.06488190779799753,0.375,0.5601180922020025
0.065,0.3756619431784605,0.5593380568215396
0.06506186957414013,0.376,0.5589381304258598
0.06524704860741627,0.377,0.5577529513925837
0.06543451582937895,0.378,0.556565484170621
0.06562427843843502,0.379,0.555375721561565
0.06581634378308074,0.38,0.5541836562169192
0.066,0.3809449039884361,0.5530550960115639
0.06601098645979696,0.381,0.552989013540203
0.06621258705024922,0.382,0.5517874129497508
0.0664165830047703,0.383,0.5505834169952297
0.06662298279444193,0.384,0.5493770172055581
0.06683179505575687,0.385,0.5481682049442431
0.067,0.3857964678694953,0.5472035321305048
0.06704410282077343,0.386,0.5469558971792265
0.0672631087547036,0.387,0.5457368912452965
0.0674846284294096,0.388,0.5445153715705904
0.06770867174330643,0.389,0.5432913282566936
0.0679352487782929,0.39,0.542064751221707
0.068,0.39028283023369914,0.5417171697663008
0.06816848498525399,0.391,0.540831515014746
0.06840597366045424,0.392,0.5395940263395458
0.06864610709208831,0.393,0.5383538929079117
0.06888889678639824,0.394,0.5371111032136018
0.069,0.3944529229807232,0.5365470770192768
0.06913772618789564,0.395,0.5358622738121044
0.06939210412729457,0.396,0.5346078958727054
0.06964925905368448,0.397,0.5333507409463155
0.06990920406515765,0.398,0.5320907959348423
0.07,0.39834583626762066,0.5316541637323793
0.07017628158853136,0.399,0.5308237184114686
0.07044854876358651,0.4,0.5295514512364135
0.07072373760361417,0.401,0.5282762623963858
0.071,0.40199331002849564,0.5270066899715045
0.07100191001332078,0.402,0.5269980899866792
0.0712900922271524,0.403,0.5257099077728475
0.0715813381560931,0.404,0.5244186618439068
0.0718756644103713,0.405,0.5231243355896287
0.072,0.40541836575226586,0.5225816342477342
0.07217747777530446,0.406,0.5218225222246955
0.07248565697545704,0.407,0.5205143430245429
0.07279707207495342,0.408,0.5192029279250465
0.073,0.40864520980260344,0.5183547901973966
0.07311458750760158,0.409,0.5178854124923984
0.07344064605942506,0.41,0.5165593539405751
0.07377010919356114,0.411,0.5152298908064388
0.074,0.41169090408812803,0.514309095911872
0.07410563357964008,0.412,0.5138943664203599
0.07445059540380873,0.413,0.5125494045961914
0.07479914509671792,0.414,0.511200854903282
0.075,0.4145707223863705,0.5104292776136296
0.07515519981792342,0.415,0.5098448001820766
0.07552017574603637,0.416,0.5084798242539637
0.07588893913998483,0.417,0.5071110608600151
0.076,0.4172984216536559,0.5067015783463442
0.07626828961082092,0.418,0.5057317103891792
0.07665448778003789,0.419,0.504345512219962
0.077,0.41988563486068436,0.5031143651393157
0.0770458549897152,0.42,0.5029541450102848
0.07745038122147986,0.421,0.5015496187785202
0.07785911902831857,0.422,0.5001408809716814
0.078,0.4223415222231772,0.4996584777768228
0.07827924325941782,0.423,0.4987207567405822
0.07870749191323069,0.424,0.49729250808676934
0.079,0.4246763754645123,0.49632362453548773
0.0791439155768946,0.425,0.4958560844231054
0.0795927276248768,0.426,0.4944072723751232
0.08,0.42689818827518394,0.4931018117248161
0.08004748434039491,0.427,0.49295251565960513
0.08051799662587907,0.428,0.4914820033741209
0.08099348561016591,0.429,0.49000651438983406
0.081,0.42901358380762616,0.4899864161923739
0.08148675376442177,0.43,0.4885132462355783
0.08198545972815563,0.431,0.4870145402718444
0.082,0.4310289068271588,0.48697109317284126
0.08250277463836186,0.432,0.48549722536163814
0.083,0.43295030516976046,0.4840496948302396
0.08302677085743494,0.433,0.4839732291425651
0.08357019757161338,0.434,0.48242980242838657
0.084,0.434782780118187,0.48121721988181304
0.0841228449083563,0.435,0.4808771550916437
0.08469357224731514,0.436,0.4793064277526849
0.085,0.4365316451272168,0.4784683548727832
0.08527815809411038,0.437,0.47772184190588957
0.08587791627006806,0.438,0.476122083729932
0.086,0.4382017047439628,0.47579829525603723
0.08649809571627273,0.439,0.47450190428372724
0.087,0.4397962219756549,0.47320377802434516
0.08713247100909056,0.44,0.4728675289909094
0.08778863247846018,0.441,0.47121136752153986
0.088,0.4413190500585144,0.4706809499414856
0.0884654787804493,0.442,0.4695345212195507
0.089,0.44277409995858796,0.46822590004141207
0.08916102270624193,0.443,0.46783897729375806
0.08988068328724098,0.444,0.466119316712759
0.09,0.44416425004755306,0.465835749952447
0.09062710411740954,0.445,0.4643728958825904
0.091,0.445492029924172,0.46350797007582806
0.09139786176560628,0.446,0.4626021382343937
0.092,0.44676117775625757,0.46123882224374246
0.09219535754480439,0.447,0.46080464245519565
0.093,0.44797397486191604,0.459026025138084
0.093022246356974,0.448,0.458977753643026
0.09388512706281614,0.449,0.45711487293718384
0.094,0.4491318363355948,0.45686816366440525
0.09478333311945535,0.45,0.4552166668805447
0.095,0.4502377891832291,0.45476221081677093
0.09571969413407912,0.451,0.4532803058659209
0.096,0.45129398036377477,0.45270601963622525
0.0966981302634832,0.452,0.4513018697365168
0.097,0.4523023242501314,0.45069767574986863
0.09772304407754873,0.453,0.44927695592245126
0.098,0.45326465875869065,0.44873534124130937
0.09879940022779707,0.454,0.4472005997722029
0.099,0.4541827490342444,0.44681725096575564
0.09993282135935727,0.455,0.44506717864064266
0.1,0.455058290930653,0.44494170906934705
0.101,0.45589230873956105,0.443107691260439
0.1011344878681494,0.456,0.4428655121318506
0.102,0.4566864307583186,0.4413135692416814
0.10241240855415802,0.457,0.440587591445842
0.103,0.4574425061980453,0.43955749380195475
0.10377317508563835,0.458,0.43822682491436166
0.104,0.4581619953419957,0.4378380046580043
0.105,0.4588454462638355,0.4361545537361645
0.10523658397231746,0.459,0.4357634160276825
0.106,0.45949398838459904,0.434506011615401
0.10682024770053192,0.46,0.4331797522994681
0.107,0.46010984031553803,0.432890159684462
0.108,0.4606925751924263,0.4313074248075737
0.10855482384700962,0.461,0.4304451761529903
0.109,0.4612443419728356,0.4297556580271644
0.11,0.46176564811557674,0.42823435188442327
0.11047417685423998,0.462,0.42752582314576
0.111,0.462257430552873,0.426742569447127
0.112,0.46272062069434267,0.42527937930565735
0.11263912095761665,0.463,0.42436087904238334
0.113,0.46315626956055583,0.4238437304394442
0.114,0.463564463041762,0.422435536958238
0.115,0.4639473117566867,0.4210526882433133
0.11514664286902992,0.464,0.42085335713097
0.116,0.46430373415829007,0.41969626584170994
0.117,0.46463579147606626,0.41836420852393374
0.118,0.464944310888442,0.417055689111558
0.11819442604233611,0.465,0.4168055739576639
0.119,0.46522858032440745,0.41577141967559256
0.12,0.46549017657553177,0.41450982342446824
0.121,0.46572989935355974,0.41327010064644026
0.122,0.46594823552886155,0.41205176447113845
0.12226142542926961,0.466,0.4117385745707303
0.123,0.466144877815889,0.410855122184111
0.124,0.4663209045240168,0.4096790954759832
0.125,0.4664770436158231,0.4085229563841769
0.126,0.46661373422659713,0.40738626577340287
0.127,0.46673140511673067,0.40626859488326933
0.128,0.4668304749892282,0.4051695250107718
0.129,0.4669113527951757,0.4040886472048243
0.13,0.46697443802771454,0.40302556197228545
0.13055855844017386,0.467,0.40244144155982614
0.131,0.46702001352734884,0.40197998647265115
0.132,0.4670485226376167,0.4009514773623833
0.133,0.4670604726437217,0.3999395273562783
0.134,0.46705622591556445,0.39894377408443554
0.135,0.4670361367306497,0.3979638632693503
0.136,0.4670005515076117,0.3969994484923883
0.13601082530313277,0.467,0.3969891746968672
