p1,p2,p3
0.25168380602408646,0.746,0.0023161939759135386
0.251,0.7466825730684916,0.0023174269315083817
0.2506819955258409,0.747,0.0023180044741590855
0.25,0.7476807555829647,0.0023192444170353488
0.24968016988350072,0.748,0.0023198301164992774
0.249,0.7486789229678922,0.002321077032107821
0.24867832899580036,0.749,0.0023216710041996658
0.248,0.7496770751225561,0.0023229248774438993
0.24767647276015523,0.75,0.002323527239844747
0.247,0.7506752119449329,0.002324788055067084
0.24667460107264053,0.751,0.002325398927359501
0.246,0.7516733333316725,0.0023266666683274817
0.24567271382796976,0.752,0.002327286172030263
0.245,0.7526714391780776,0.002328560821922454
0.2446708109194728,0.753,0.00232918908052715
0.244,0.7536695293780814,0.002330470621918601
0.24366889223907334,0.754,0.0023311077609267095
0.243,0.7546676038242265,0.002332396175773521
0.2426669576772662,0.755,0.0023330423227337915
0.242,0.7556656624076413,0.0023343375923586818
0.2416650071230938,0.756,0.0023349928769061945
0.241,0.7566637050180182,0.0023362949819818457
0.2406630404641223,0.757,0.0023369595358776474
0.24,0.7576617315435891,0.0023382684564109413
0.23966105758641731,0.758,0.0023389424135826786
0.239,0.7586597418711022,0.002340258128897821
0.23865905837451903,0.759,0.00234094162548093
0.238,0.7596577358857972,0.0023422641142027967
0.23765704271141666,0.76,0.0023429572885833583
0.237,0.7606557134713804,0.0023442865286196213
0.2366550104785227,0.761,0.0023449895214773253
0.236,0.7616536745099992,0.0023463254900008
0.23565296155564613,0.762,0.0023470384443537995
0.235,0.7626516188822162,0.002348381117783793
0.23465089582096563,0.763,0.0023491041790343337
0.234,0.7636495464669826,0.002350453533017438
0.2336488131510016,0.764,0.0023511868489983767
0.233,0.7646474571416105,0.0023525428583894836
0.23264671342058818,0.765,0.0023532865794118063
0.232,0.7656453507817461,0.0023546492182539014
0.23164459650284405,0.766,0.0023554034971559057
0.231,0.7666432272613405,0.0023567727386595294
0.23064246226914314,0.767,0.0023575377308567846
0.23,0.767641086452621,0.002358913547379049
0.22964031058908438,0.768,0.0023596894109155775
0.229,0.7686389282260618,0.0023610717739381837
0.2286381413304607,0.769,0.0023618586695393073
0.228,0.7696367524503535,0.0023632475496465633
0.22763595435922773,0.77,0.0023640456407723054
0.227,0.7706345589923718,0.002365441007628255
0.22663374953947138,0.771,0.0023662504605286294
0.226,0.7716323477171465,0.0023676522828535163
0.22563152673337492,0.772,0.0023684732666250374
0.225,0.7726301184878289,0.0023698815121711014
0.22462928580118527,0.773,0.0023707141988147384
0.224,0.7736278711656588,0.002372128834341236
0.22362702660117864,0.774,0.0023729733988213653
0.223,0.7746256056099305,0.0023743943900694786
0.222624748989625,0.775,0.002375251010374946
0.222,0.775623321677959,0.002376678322041026
0.22162245282075238,0.776,0.002377547179247541
0.221,0.7766210192250435,0.002378980774956574
0.2206201379467096,0.777,0.002379862053290327
0.22,0.7776186981044322,0.0023813018955678444
0.21961780421752888,0.778,0.0023821957824711193
0.219,0.7786163581672851,0.002383641832714889
0.218615451481087,0.779,0.00238454851891301
0.218,0.7796139992626361,0.002386000737363947
0.21761307958306583,0.78,0.002386920416934113
0.217,0.7806116212373544,0.0023883787626456376
0.21661068836691205,0.781,0.002389311633087865
0.216,0.7816092239361048,0.0023907760638952613
0.2156082776737955,0.782,0.0023917223262044374
0.215,0.7826068072013074,0.002393192798692656
0.21460584734256707,0.783,0.002394152657432924
0.214,0.7836043708730961,0.002395629126903942
0.21360339720971525,0.784,0.002396602790284752
0.213,0.7846019147892761,0.0023980852107239325
0.21260092710932166,0.785,0.002399072890678311
0.212,0.7855994387852805,0.002400561214719543
0.21159843687301574,0.786,0.002401563126984252
0.211,0.7865969426941262,0.002403057305873868
0.21059592632992816,0.787,0.0024040736700717824
0.21,0.7875944263463677,0.0024055736536323646
0.20959339530664303,0.788,0.002406604693356962
0.209,0.7885918895700511,0.0024081104299489287
0.2085908436271493,0.789,0.0024091563728506626
0.208,0.7895893321906663,0.002410667809333744
0.20758827111279052,0.79,0.002411728887209419
0.207,0.790586754031098,0.0024132459689020225
0.20658567758221383,0.791,0.0024143224177861633
0.206,0.7915841549115756,0.0024158450884244065
0.20558306285131725,0.792,0.0024169371486827407
0.205,0.7925815346496223,0.0024184653503777076
0.20458042673319604,0.793,0.002419573266803865
0.204,0.793578893060002,0.0024211069399980856
0.20357776903808747,0.794,0.0024222309619125193
0.281,0.7167305136873947,0.0022694863126052622
0.2807301350276923,0.717,0.0022698649723077446
0.28,0.717729108985354,0.0022708910146459482
0.27972872491962625,0.718,0.0022712750803737247
0.279,0.7187276916561167,0.002272308343883256
0.2787273021116574,0.719,0.002272697888342612
0.278,0.7197262616302452,0.002273738369754752
0.27772586653323605,0.72,0.0022741334667639723
0.277,0.7207248188374628,0.002275181162537221
0.2767244181129547,0.721,0.0022755818870453526
0.276,0.7217233632066405,0.0022766367933594323
0.27572295677853553,0.722,0.002277043221464492
0.275,0.7227218946657871,0.00227810533421291
0.27472148245681877,0.723,0.002278517543181313
0.274,0.7237204131420351,0.0022795868579649214
0.2737199950737497,0.724,0.0022800049262503563
0.273,0.7247189185616298,0.002281081438370136
0.2727184945543664,0.725,0.002281505445633658
0.272,0.7257174108499165,0.0022825891500835027
0.2717169808227862,0.726,0.002283019177213852
0.271,0.7267158899313269,0.0022841100686731286
0.2707154538021931,0.727,0.002284546197806936
0.27,0.7277143557293674,0.002285644270632603
0.26971391341482387,0.728,0.0022860865851761503
0.269,0.7287128081666046,0.00228719183339543
0.2687123595819547,0.729,0.0022876404180453003
0.268,0.7297112471646526,0.002288752835347352
0.267710792223887,0.73,0.002289207776112967
0.267,0.7307096726441592,0.002290327355840782
0.2667092112599332,0.731,0.002290788740066829
0.266,0.7317080845247913,0.0022919154752086834
0.2657076166084023,0.732,0.002292383391597763
0.265,0.732706482725221,0.002293517274779
0.26470600818658513,0.733,0.0022939918134149417
0.264,0.7337048671631111,0.002295132836888869
0.2637043859107392,0.734,0.0022956140892608223
0.263,0.7347032377551002,0.0022967622448998304
0.2627027496960734,0.735,0.002297250303926579
0.262,0.7357015944167874,0.0022984055832125927
0.26170109945673226,0.736,0.0022989005432677567
0.261,0.7366999370627171,0.0023000629372829096
0.26069943510578014,0.737,0.0023005648942199253
0.26,0.737698265606363,0.0023017343936370116
0.2596977565551848,0.738,0.002302243444815222
0.259,0.7386965799601124,0.0023034200398875937
0.2586960637158008,0.739,0.002303936284199226
0.258,0.7396948800352497,0.0023051199647502463
0.2576943564973528,0.74,0.00230564350264717
0.257,0.7406931657419397,0.0023068342580603307
0.256692634808418,0.741,0.0023073651915820337
0.256,0.7416914369892105,0.0023085630107895216
0.2556908985564087,0.742,0.0023091014435913104
0.255,0.7426896936849363,0.0023103063150636816
0.25468914764755446,0.743,0.002310852352445547
0.254,0.7436879357358201,0.0023120642641798472
0.25368738198688356,0.744,0.002312618013116441
0.253,0.7446861630473749,0.0023138369526251035
0.2526856014782044,0.745,0.002314398521795602
0.252,0.745684375523906,0.0023156244760940137
0.25168380602408646,0.746,0.0023161939759135386
