p1,p2,p3
0.198,0.05250172448200558,0.7494982755179944
0.196,0.05275997403874306,0.7512400259612569
0.194,0.0530317146935649,0.7529682853064351
0.192,0.053319437972752376,0.7546805620272476
0.19,0.053620549277325846,0.7563794507226742
0.188,0.053935105812861844,0.7580648941871382
0.186,0.05426602987933289,0.7597339701206671
0.184,0.054611364062070705,0.7613886359379294
0.182,0.05497046640197118,0.7630295335980288
0.18,0.055347098565253765,0.7646529014347463
0.178,0.05573809193974686,0.7662619080602532
0.176,0.056144728097676205,0.7678552719023238
0.174,0.05656849031748457,0.7694315096825155
0.172,0.05700673348410537,0.7709932665158947
0.14,0.06654875545321186,0.7934512445467882
0.139,0.06693229091690132,0.7940677090830986
0.13882560821311807,0.067,0.794174391786882
0.138,0.06732344087774329,0.7946765591222567
0.137,0.06771979402196367,0.7952802059780363
0.13630124391612974,0.068,0.7956987560838702
0.136,0.06812188333297708,0.7958781166670229
0.135,0.06853132245374355,0.7964686775462564
0.134,0.06894540645968979,0.7970545935403102
0.13386971439694678,0.069,0.7971302856030533
0.133,0.06936767811877281,0.7976323218812271
0.132,0.06979520791820207,0.798204792081798
0.13152644712561806,0.07,0.7984735528743818
0.131,0.07022967909420755,0.7987703209057925
0.13,0.07067093854017051,0.7993290614598295
0.12926251322949328,0.071,0.7997374867705067
0.129,0.07111816053100649,0.7998818394689935
0.128,0.07157344058784477,0.8004265594121552
0.12707318233456186,0.072,0.8009268176654382
0.127,0.07203397559264446,0.8009660244073555
0.126,0.07250357467658046,0.8014964253234196
0.125,0.07297820284761053,0.8020217971523895
0.12495459339019613,0.073,0.802045406609804
0.124,0.07346222077395717,0.8025377792260429
0.123,0.07395157164488018,0.8030484283551198
0.12290213690135424,0.074,0.8030978630986458
0.122,0.07445027924427265,0.8035497207557274
0.121,0.07495467044249463,0.8040453295575054
0.1209111215374201,0.075,0.8040888784625799
0.12,0.07546867194305316,0.8045313280569468
0.119,0.07598842988274385,0.8050115701172562
0.11897798396056694,0.076,0.8050220160394331
0.118,0.07651834336657816,0.8054816566334219
0.1171005538590908,0.077,0.8058994461409092
0.117,0.07705430395274977,0.8059456960472502
0.116,0.07760026186182205,0.806399738138178
0.11527535213839996,0.078,0.8067246478616
0.115,0.0781531750364451,0.8068468249635549
0.114,0.07871542090267858,0.8072845790973214
0.11349910579818641,0.079,0.8075008942018136
0.113,0.07928594450070581,0.8077140554992942
0.112,0.07986484043886014,0.8081351595611399
0.11176897754592163,0.08,0.8082310224540784
0.111,0.0804536491006459,0.8085463508993541
0.11008324261038122,0.081,0.8089167573896188
0.11,0.08105002209700601,0.808949977902994
0.109,0.08165735440366917,0.8093426455963308
0.10844153824309105,0.082,0.809558461756909
0.108,0.08227315027211511,0.8097268497278849
0.107,0.08289815635663006,0.81010184364337
0.10683874673677157,0.083,0.8101612532632285
0.106,0.08353409799200877,0.8104659020079913
0.10527568861205741,0.084,0.8107243113879427
0.105,0.0841787883917894,0.8108212116082106
0.104,0.08483401359529873,0.8111659864047013
0.10374926638381805,0.085,0.8112507336161819
0.103,0.08550007067319974,0.8114999293268003
0.10225843961742352,0.086,0.8117415603825765
0.102,0.08617564822521416,0.8118243517747858
0.101,0.08686228249068664,0.8121377175093134
0.10080147801234475,0.087,0.8121985219876553
0.1,0.08756050503731205,0.812439494962688
0.09937783291648775,0.088,0.8126221670835123
0.099,0.08826905572406486,0.8127309442759352
0.098,0.08898835168353816,0.8130116483164619
0.09798397273809008,0.089,0.8130160272619099
0.097,0.08972088836815333,0.8132791116318467
0.09662282949165825,0.09,0.8133771705083418
0.096,0.09046460029561987,0.8135353997043802
0.09528942306555384,0.091,0.8137105769344462
0.095,0.09121981616143211,0.8137801838385679
0.094,0.09198698628715803,0.814013013712842
0.0939832103183542,0.092,0.8140167896816458
0.093,0.09276815926499353,0.8142318407350065
0.0927062173946478,0.093,0.8142937826053522
0.092,0.09356174372182546,0.8144382562781746
0.0914545359331689,0.094,0.8145454640668311
0.091,0.09436809234213508,0.814631907657865
0.09022749903416961,0.095,0.8147725009658304
0.09,0.09518756485033869,0.8148124351496613
0.0890244569340986,0.096,0.8149755430659015
0.089,0.09602052828474807,0.814979471715252
0.088,0.09686851362321107,0.815131486376789
0.08784650052302614,0.097,0.8151534994769739
0.087,0.09773079862359306,0.815269201376407
0.08669130817943417,0.098,0.8153086918205659
0.086,0.09860759219346939,0.8153924078065307
0.08555801344163765,0.099,0.8154419865583624
0.085,0.09949929082583081,0.8155007091741693
0.0844460359556779,0.1,0.8155539640443221
0.084,0.10040629970306757,0.8155937002969325
0.0833548093297692,0.101,0.8156451906702308
0.083,0.10132903302753858,0.8156709669724614
0.08228378062737006,0.102,0.81571621937263
0.082,0.10226791436420095,0.8157320856357991
0.0812324098765102,0.103,0.8157675901234898
0.081,0.10322337699607263,0.8157766230039274
0.08020016959443295,0.104,0.815799830405567
0.08,0.10419586429334647,0.8158041357066536
0.07918654432664343,0.105,0.8158134556733566
0.079,0.10518583009702277,0.8158141699029773
0.07819103019948236,0.106,0.8158089698005176
0.078,0.10619373911798295,0.8158062608820171
0.07721313448536923,0.107,0.8157868655146308
0.077,0.10722006735248439,0.8157799326475157
0.07625237517988064,0.108,0.8157476248201194
0.076,0.10826530251512313,0.8157346974848769
0.07530828058984651,0.109,0.8156917194101535
0.075,0.10932994449038051,0.8156700555096196
0.07438038893166236,0.11,0.8156196110683377
0.074,0.11041450580394814,0.8155854941960519
0.07346824793902595,0.111,0.8155317520609741
0.073,0.11151951211511034,0.8154804878848897
0.07257141447931408,0.112,0.815428585520686
0.072,0.11264550273155571,0.8153544972684443
0.07168945417781881,0.113,0.8153105458221812
0.071,0.11379303114809164,0.8152069688519084
0.07082194104906211,0.114,0.8151780589509379
0.07,0.11496266561084686,0.815037334389153
0.069968457134403,0.115,0.815031542865597
0.06913007565911305,0.116,0.8148699243408869
0.069,0.11615633594742938,0.8148436640525707
0.06830543657656286,0.117,0.8146945634234372
0.068,0.11737382222996988,0.8146261777700301
0.06749377879376656,0.118,0.8145062212062334
0.067,0.1186154220878443,0.8143845779121558
0.06669471098539956,0.119,0.8143052890146004
0.066,0.11988177496581322,0.8141182250341867
0.06590784834401793,0.12,0.814092151655982
0.0651343653601485,0.121,0.8138656346398515
0.065,0.12117504925222292,0.8138249507477772
0.06437356325254533,0.122,0.8136264367474547
0.064,0.12249566889086469,0.8135043311091352
0.06362399959805791,0.123,0.8133760004019421
0.063,0.12384330843602974,0.8131566915639703
0.06288531134617496,0.124,0.8131146886538251
0.06215900087046926,0.125,0.8128409991295308
0.062,0.125220602149759,0.8127793978502409
0.0614443544548501,0.126,0.8125556455451499
0.061,0.12662800704936703,0.812371992950633
0.06073967049836133,0.127,0.8122603295016386
0.060045137184902814,0.128,0.8119548628150972
0.06,0.12806550139525094,0.811934498604749
0.059363122433514,0.129,0.811636877566486
0.059,0.12953684668666812,0.811463153313332
0.05869019142579535,0.13,0.8113098085742046
0.05802632470396485,0.131,0.8109736752960351
0.058,0.13103996901398907,0.8109600309860109
0.05737474307767264,0.132,0.8106252569223273
0.057,0.13257974584204466,0.8104202541579553
0.05673139681605439,0.133,0.8102686031839456
0.05609713379817929,0.134,0.8099028662018207
0.056,0.13415435751596397,0.809845642484036
0.05547386488921075,0.135,0.8095261351107892
0.055,0.13576740742124685,0.8092325925787531
0.05485800943003797,0.136,0.809141990569962
0.054252332098567765,0.137,0.8087476679014323
0.054,0.13741985316787012,0.8085801468321299
0.05365532484084219,0.138,0.8083446751591578
0.053065739734104514,0.139,0.8079342602658954
0.053,0.13911240093178803,0.807887599068212
0.0524868643225296,0.14,0.8075131356774704
0.05,0.14445775199413094,0.805542248005869
0.049709055037170956,0.145,0.805290944962829
0.04917671022036649,0.146,0.8048232897796335
0.049,0.14633462952066284,0.8046653704793372
0.04865282658178119,0.147,0.8043471734182188
0.048135128345720674,0.148,0.8038648716542793
0.048,0.14826315597428938,0.8037368440257106
0.047626194522841434,0.149,0.8033738054771585
0.0471228571009216,0.15,0.8028771428990784
0.047,0.15024610257609233,0.8027538974239077
0.04662822304647543,0.151,0.8023717769535246
0.04613896710922469,0.152,0.8018610328907753
0.046,0.15228639547061754,0.8017136045293825
0.045657991758235324,0.153,0.8013420082417646
0.04518254417812225,0.154,0.8008174558218777
0.045,0.1543871272667524,0.8006128727332475
0.044714594565185756,0.155,0.8002854054348142
0.04425268819416895,0.156,0.799747311805831
0.044,0.1565515695750415,0.7994484304249585
0.0437971385488776,0.157,0.7992028614511224
0.04334851200800174,0.158,0.7986514879919983
0.043,0.15878318664791696,0.798216813352083
0.04290474282196626,0.159,0.7980952571780338
0.04246914030237935,0.16,0.7975308596976206
0.04203703724924548,0.161,0.7969629627507545
0.042,0.16108646505368984,0.7969135349463101
0.041613708435364806,0.162,0.7963862915646351
0.04119431234051754,0.163,0.7958056876594825
0.041,0.16346729174920652,0.7955327082507935
0.040781361249903586,0.164,0.7952186387500964
0.040374428190214494,0.165,0.7946255718097854
0.04,0.1659278149579252,0.7940721850420748
0.03997125183998613,0.166,0.7940287481600138
0.03957654285984683,0.167,0.7934234571401532
0.03918512469953457,0.168,0.7928148753004653
0.039,0.16847711959907188,0.7925228804009281
0.0387998212180413,0.169,0.7922001787819587
0.038420330567705316,0.17,0.7915796694322946
0.03804405645794479,0.171,0.7909559435420551
0.038,0.17111816049042353,0.7908818395095765
0.028208048643936653,0.204,0.7677919513560634
0.028,0.20489241992119667,0.7671075800788033
0.027975321682172843,0.205,0.7670246783178272
0.02774855146948563,0.206,0.7662514485305144
0.027524280482493984,0.207,0.765475719517506
0.02730250283522221,0.208,0.7646974971647779
0.027083212740901016,0.209,0.7639167872590991
0.027,0.2093839473834472,0.7636160526165527
0.026868669637916957,0.21,0.763131330362083
0.026657975387938924,0.211,0.7623420246120611
0.026449714524266078,0.212,0.761550285475734
0.02624388167604513,0.213,0.760756118323955
0.026040471564405733,0.214,0.7599595284355943
0.026,0.21420145243705122,0.7597985475629487
0.025842261437750716,0.215,0.7591577385622493
0.025647127317137086,0.216,0.758352872682863
0.025454363126412062,0.217,0.757545636873588
0.025263963968710813,0.218,0.7567360360312892
0.025075925032613328,0.219,0.7559240749673867
0.025,0.2194090348442222,0.7555909651557777
0.02489218861461945,0.22,0.7551078113853805
0.024712111371273132,0.221,0.7542878886287269
0.024534342735760484,0.222,0.7534656572642395
0.02435887824770989,0.223,0.7526411217522901
0.02418571352625998,0.224,0.75181428647374
0.024014844269247278,0.225,0.7509851557307528
0.024,0.2250881018875773,0.7509118981124226
0.023849061956560853,0.226,0.7501509380434391
0.023685798617355473,0.227,0.7493142013826446
0.02352478040806221,0.228,0.7484752195919379
0.023366003344633235,0.229,0.7476339966553668
0.023209463516406254,0.23,0.7467905364835937
0.023055157085396575,0.231,0.7459448429146034
0.023,0.23136282390539467,0.7456371760946053
0.022904889321902315,0.232,0.7450951106780977
0.02275783823194207,0.233,0.7442421617680579
0.022612971288868383,0.234,0.7433870287111316
0.02247028494302487,0.235,0.7425297150569752
0.022329775712658498,0.236,0.7416702242873415
0.022191440183302418,0.237,0.7408085598166976
0.02205527500717156,0.238,0.7399447249928285
0.022,0.2384126429204335,0.7395873570795665
0.021922787964180783,0.239,0.7390772120358192
0.021793486627572443,0.24,0.7382065133724276
0.021666307489061693,0.241,0.7373336925109383
0.021541247458433735,0.242,0.7364587525415662
0.021418303507913763,0.243,0.7355816964920863
0.021297472671639676,0.244,0.7347025273283603
0.021178752045145813,0.245,0.7338212479548542
0.021062138784857326,0.246,0.7329378612151427
0.021,0.24654279525317957,0.7324572047468204
0.02094866593611985,0.247,0.7320513340638801
0.020838484345009834,0.248,0.7311615156549902
0.02073036301180769,0.249,0.7302696369881924
0.020624299319549788,0.25,0.7293757006804502
0.020520290708429933,0.251,0.72847970929157
0.02041833467535863,0.252,0.7275816653246414
0.02031842877353134,0.253,0.7266815712264687
0.02022057061200601,0.254,0.725779429387994
0.02012475785528982,0.255,0.7248752421447102
0.020030988222934396,0.256,0.7239690117770656
0.02,0.25633795015874306,0.7236620498412569
0.019940500871436756,0.257,0.7230594991285633
0.019852645707606056,0.258,0.722147354292394
0.019766787642280965,0.259,0.721233212357719
0.01968292458820437,0.26,0.7203170754117956
0.019601054509944968,0.261,0.719398945490055
0.019521175423545117,0.262,0.7184788245764548
0.019443285396176183,0.263,0.7175567146038238
0.019367382545801465,0.264,0.7166326174541985
0.0192934650408467,0.265,0.7157065349591533
0.019221531099877693,0.266,0.7147784689001223
0.01915157899128523,0.267,0.7138484210087147
0.01908360703297721,0.268,0.7129163929670228
0.01901761359207757,0.269,0.7119823864079224
0.019,0.26927525372617006,0.7117247462738299
0.01895458044003457,0.27,0.7110454195599654
0.018893855437554175,0.271,0.7101061445624458
0.01883506401890908,0.272,0.7091649359810909
0.01877820470762216,0.273,0.7082217952923778
0.018723276073732607,0.274,0.7072767239262674
0.01867027673353521,0.275,0.7063297232664648
0.018619205349325676,0.276,0.7053807946506743
0.018570060629152306,0.277,0.7044299393708476
0.01852284132657342,0.278,0.7034771586734265
0.018477546240420754,0.279,0.7025224537595792
0.01843417421456866,0.28,0.7015658257854314
0.018392724137709007,0.281,0.700607275862291
0.01835319494313174,0.282,0.6996468050568683
0.018315585608511053,0.283,0.698684414391489
0.018279895155696994,0.284,0.6977201048443031
0.01824612265051273,0.285,0.6967538773494872
0.018214267202556526,0.286,0.6957857327974435
0.01818432796501019,0.287,0.6948156720349898
0.01815630413445119,0.288,0.6938436958655487
0.01813019495067169,0.289,0.6928698050493283
0.01810599969650085,0.29,0.6918940003034992
0.01808371769763404,0.291,0.690916282302366
0.01806334832246521,0.292,0.6899366516775347
0.01804489098192576,0.293,0.6889551090180743
0.018028345129327106,0.294,0.6879716548706729
0.018013710260208864,0.295,0.6869862897397911
0.018000985912191205,0.296,0.6859990140878087
0.018,0.29609121603856786,0.6859087839614322
0.01799038986060486,0.297,0.6850096101393952
0.017981683273813047,0.298,0.6840183167261871
0.017974843871532097,0.299,0.6830251561284679
0.017969871288399566,0.3,0.6820301287116004
0.017966765199148135,0.301,0.6810332348008519
0.01796552531848209,0.302,0.6800344746815179
0.01796615140095939,0.303,0.6790338485990406
0.017968643240876228,0.304,0.6780313567591238
0.01797300067215802,0.305,0.6770269993278419
0.017979223568252035,0.306,0.6760207764317481
0.017987311842026798,0.307,0.6750126881579732
0.017997265445672917,0.308,0.6740027345543271
0.018,0.308231474203001,0.673768525796999
0.018009292185996912,0.309,0.6729907078140032
0.018023289837362077,0.31,0.6719767101626379
0.01803919603759083,0.311,0.6709608039624091
0.0180570109812488,0.312,0.6699429890187512
0.01807673490316022,0.313,0.6689232650968397
0.01809836807833824,0.314,0.6679016319216617
0.018121910821919978,0.315,0.6668780891780801
0.018147363489104878,0.316,0.6658526365108952
0.01817472647509765,0.317,0.6648252735249023
0.018204000215054444,0.318,0.6637959997849456
0.018235185184033574,0.319,0.6627648148159664
0.01826828189694949,0.32,0.6617317181030504
0.018303290908531247,0.321,0.6606967090914688
0.018340212813283907,0.322,0.659659787186716
0.018379048245454836,0.323,0.6586209517545452
0.01841979787900263,0.324,0.6575802021209973
0.018462462427570776,0.325,0.6565375375724292
0.01850704264446426,0.326,0.6554929573555357
0.018553539322630545,0.327,0.6544464606773694
0.018601953294643675,0.328,0.6533980467053564
0.018652285432692414,0.329,0.6523477145673076
0.018704536648572016,0.33,0.6512954633514281
0.01875870789367934,0.331,0.6502412921063208
0.018814800159012154,0.332,0.6491851998409879
0.018872814475171362,0.333,0.6481271855248287
0.018932751912367523,0.334,0.6470672480876325
0.018994613580430336,0.335,0.6460053864195696
0.019,0.3350844925526984,0.6459155074473015
0.019059719906028973,0.336,0.644940280093971
0.01912691994250379,0.337,0.6438730800574961
0.019196093449972355,0.338,0.6428039065500277
0.019267241825726613,0.339,0.6417327581742733
0.019340366508358974,0.34,0.640659633491641
0.01941546897780194,0.341,0.6395845310221981
0.01949255075537279,0.342,0.6385074492446272
0.019571613403821058,0.343,0.637428386596179
0.01965265852738023,0.344,0.6363473414726198
0.01973568777182275,0.345,0.6352643122281773
0.019820702824519087,0.346,0.6341792971754809
0.019907705414500054,0.347,0.6330922945855
0.01999669731252326,0.348,0.6320033026874767
0.02,0.3480363233073985,0.6319636766926016
0.020089624328481062,0.349,0.630910375671519
0.020184664660561527,0.35,0.6298153353394385
0.020281747186142552,0.351,0.6287182528138575
0.020380873998263764,0.352,0.6276191260017363
0.020482047233834982,0.353,0.6265179527661651
0.020585269073736662,0.354,0.6254147309262633
0.020690541742924434,0.355,0.6243094582570756
0.02079786751053747,0.356,0.6232021324894625
0.0209072486900106,0.357,0.6220927513099894
0.021,0.357832402985149,0.6211675970148509
0.021019094148546656,0.358,0.6209809058514534
0.02113506440059435,0.359,0.6198649355994057
0.021253146002326893,0.36,0.6187468539976732
0.021373341621615513,0.361,0.6176266583783845
0.021495653973175703,0.362,0.6165043460268244
0.021620085818718097,0.363,0.6153799141812819
0.021746639967103253,0.364,0.6142533600328968
0.021875319274500656,0.365,0.6131246807254993
0.022,0.3659531951805125,0.6120468048194875
0.02200625759181232,0.366,0.6119937424081877
0.022142039699656314,0.367,0.6108579603003437
0.022280006066001543,0.368,0.6097199939339984
0.022420159935652256,0.369,0.6085798400643477
0.0225625046036992,0.37,0.6074374953963008
0.022707043415722095,0.371,0.606292956584278
0.022853779767996525,0.372,0.6051462202320035
0.023,0.3729817701991421,0.6040182298008578
0.02300277423810534,0.373,0.6039972257618946
0.023157096696409637,0.374,0.6028429033035904
0.0233136790115545,0.375,0.6016863209884455
0.023472525004221333,0.376,0.6005274749957786
0.023633638549214676,0.377,0.5993663614507854
0.023797023575718126,0.378,0.5982029764242819
0.023962684067555015,0.379,0.597037315932445
0.024,0.37922233354231283,0.5967776664576872
0.024133331000204025,0.38,0.595866668999796
0.024307087574300605,0.381,0.5946929124256994
0.024483185547788968,0.382,0.593516814452211
0.02466162936928431,0.383,0.5923383706307157
0.024842423545984347,0.384,0.5911575764540157
0.025,0.38486047001766677,0.5901395299823332
0.02502609492466785,0.385,0.5899739050753321
0.025215396173966096,0.386,0.5887846038260339
0.025407116881679546,0.387,0.5875928831183205
0.025601262057249805,0.388,0.5863987379427502
0.025797836773123053,0.389,0.5852021632268769
0.025996846165122524,0.39,0.5840031538348774
0.026,0.3900156687149341,0.5839843312850659
0.026202296553980747,0.391,0.5827977034460192
0.026410312658842822,0.392,0.5815896873411571
0.026620836518502975,0.393,0.580379163481497
0.026833873817058998,0.394,0.5791661261829409
0.027,0.394770838823333,0.578229161176667
0.027050415263254583,0.395,0.5779495847367454
0.027272847457224667,0.396,0.5767271525427753
0.02749786953794252,0.397,0.5755021304620574
0.027725487779135617,0.398,0.5742745122208643
0.027955708528070985,0.399,0.573044291471929
0.028,0.3991903699595255,0.5728096300404745
0.028192256784132154,0.4,0.5718077432158678
0.02843235401932865,0.401,0.5705676459806713
0.02867513444671616,0.402,0.5693248655532838
0.028920605054231757,0.403,0.5680793949457682
0.029,0.4033201266889564,0.5676798733110435
0.029172068624974675,0.404,0.5668279313750253
0.029427848298733524,0.405,0.5655721517012664
0.029686402887226227,0.406,0.5643135971127737
0.048,0.45281888834456313,0.4991811116554368
0.04810473182175478,0.453,0.4988952681782452
0.048687545058441584,0.454,0.49731245494155835
0.049,0.45453165391262745,0.4964683460873725
0.04928083083701842,0.455,0.4957191691629816
0.04988543479644323,0.456,0.49411456520355673
0.05,0.4561880222154779,0.49381197778452207
0.0505048467798835,0.457,0.49249515322011644
0.051,0.45778965485720896,0.491210345142791
0.051134600359174165,0.458,0.4908653996408258
0.051779532801270275,0.459,0.48922046719872975
0.052,0.4593391143329067,0.48866088566709326
0.052438529479166406,0.46,0.4875614705208336
0.053,0.4608391389217557,0.48616086107824424
0.053109867191722664,0.461,0.48589013280827736
0.053798166819556174,0.462,0.4842018331804438
0.054,0.46229091394600624,0.4837090860539937
0.05450225619289859,0.463,0.48249774380710136
0.055,0.4636969825590479,0.48130301744095205
0.05522095779848945,0.464,0.4807790422015105
0.055956023827686184,0.465,0.4790439761723138
0.056,0.4650593785381662,0.47894062146183375
0.05671145372457396,0.466,0.477288546275426
0.057,0.4663784305083324,0.47662156949166756
0.05748409749107772,0.467,0.47551590250892223
0.058,0.46765712467947346,0.4743428753205265
0.058275007772310886,0.468,0.4737249922276891
0.059,0.46889674375731516,0.4721032562426849
0.05991778558393821,0.47,0.4700822144160618
0.061,0.4712622704750757,0.4677377295249244
0.06165170311325368,0.472,0.4663482968867464
0.063,0.47348592579608356,0.4635140742039165
0.06348235549432665,0.474,0.46251764450567334
0.065,0.4755768013557532,0.45942319864424686
0.06542212519605098,0.476,0.45857787480394907
0.067,0.47754282824438565,0.4554571717556144
0.06748523748430463,0.478,0.45451476251569534
0.069,0.47939137665493525,0.4516086233450648
0.0696881518006836,0.48,0.45031184819931647
0.071,0.48112930540385135,0.4478706945961487
0.072,0.481958601311113,0.44604139868888704
0.07205117902915964,0.482,0.44594882097084043
0.073,0.482761858972582,0.44423814102741804
0.07330430504003618,0.483,0.44369569495996386
0.074,0.48354044993629336,0.4424595500637067
0.07460722682035256,0.484,0.4413927731796474
0.075,0.4842950874519894,0.44070491254801064
0.07596356560445096,0.485,0.43903643439554907
0.076,0.4850264610934263,0.43897353890657376
0.077,0.48573398026031095,0.4372660197396891
0.07738643422155399,0.486,0.436613565778446
0.078,0.48641933347012484,0.4355806665298752
0.07887378229880657,0.487,0.4341262177011934
0.079,0.48708327575514365,0.4339167242448564
0.08,0.4877251326186355,0.43227486738136456
0.08044073091385177,0.488,0.4315592690861483
0.081,0.4883463078936362,0.43065369210636384
0.082,0.488947525260919,0.42905247473908104
0.0820898324586855,0.489,0.4289101675413145
0.083,0.4895278942824701,0.4274721057175299
0.08383956489314634,0.49,0.42616043510685364
0.084,0.4900895791194422,0.42591042088055786
0.085,0.49063141746993844,0.4243685825300616
0.0857023105467413,0.491,0.42329768945325874
0.086,0.49115513415838363,0.4228448658416164
0.087,0.4916600941202547,0.42133990587974535
0.08769580818188868,0.492,0.4203041918181113
0.088,0.49214756071962185,0.4198524392803782
0.089,0.49261698572845236,0.41838301427154767
0.08984487249301625,0.493,0.4171551275069838
0.09,0.49306983642177216,0.4169301635782279
0.091,0.49350500846380796,0.41549499153619207
0.092,0.49392445997249984,0.4140755400275002
0.09218662977624267,0.494,0.4138133702237573
0.093,0.4943269422296851,0.41267305777031493
0.094,0.4947138786633661,0.41128612133663395
0.09476882844062412,0.495,0.41023117155937594
0.095,0.49508543901708213,0.4099145609829179
0.096,0.4954410084894927,0.40855899151050734
0.097,0.49578206631291016,0.40721793368708986
0.0976664394814936,0.496,0.40633356051850644
0.098,0.49610833169304236,0.40589166830695766
0.099,0.49641958319840984,0.4045804168015902
0.1,0.49671697698403333,0.4032830230159667
0.1009975216909156,0.497,0.4020024783090844
0.101,0.49700069837358607,0.40199930162641395
0.102,0.49726975386655536,0.40073024613344466
0.103,0.49752556761460576,0.39947443238539426
0.104,0.4977683172466716,0.39823168275332843
0.105,0.49799817731955887,0.39700182268044115
0.10500837375137777,0.498,0.3969916262486223
0.106,0.49821438298157367,0.39578561701842635
0.107,0.4984180878055107,0.3945819121944893
0.108,0.498609464635758,0.393390535364242
0.109,0.49878867563135393,0.3922113243686461
0.11,0.49895588027014337,0.39104411972985664
0.11028349948469703,0.499,0.39071650051530293
0.111,0.49911075589452325,0.38988924410547676
0.112,0.4992537976391577,0.3887462023608423
0.113,0.4993853469002407,0.3876146530997593
0.114,0.4995055522800396,0.3864944477199604
0.115,0.49961456002693605,0.38538543997306396
0.116,0.49971251409162176,0.38428748590837825
0.117,0.4997995561814808,0.3832004438185192
0.118,0.49987582581323525,0.38212417418676475
0.119,0.4999414603639227,0.38105853963607733
0.12,0.4999965951202747,0.3800034048797253
0.12007588539334048,0.5,0.37992411460665954
0.121,0.5000411873556793,0.37895881264432074
0.122,0.500075573644494,0.37792442635550605
0.123,0.5000998971106603,0.3769001028893397
0.124,0.5001142844835336,0.37588571551646643
0.125,0.500118860638611,0.374881139361389
0.126,0.5001137486383181,0.37388625136168185
0.127,0.5000990697715936,0.3729009302284064
0.128,0.5000749435923147,0.37192505640768525
0.129,0.500041487956612,0.37095851204338803
0.12997225772422463,0.5,0.3700277422757754
0.13,0.4999988140544257,0.3700011859455743
0.131,0.49994682727527484,0.36905317272472515
0.132,0.4998858171466197,0.36811418285338027
0.133,0.4998158956514562,0.3671841043485438
0.134,0.49973717323680955,0.36626282676319044
0.135,0.49964975884536117,0.3653502411546388
0.136,0.4995537599462108,0.36444624005378917
0.137,0.49944928256480403,0.36355071743519596
0.138,0.49933643131205624,0.36266356868794375
0.139,0.49921530941269937,0.3617846905873006
0.14,0.4990860187328788,0.3609139812671212
0.14062566200106802,0.499,0.36037433799893204
0.141,0.4989484435171815,0.3600515564828185
0.142,0.49880250401096154,0.35919749598903844
0.143,0.4986486613350807,0.3583513386649193
0.144,0.49848701265907613,0.35751298734092385
0.145,0.49831765391374,0.35668234608626
0.146,0.49814067981486165,0.35585932018513833
0.14676206534966385,0.498,0.35523793465033615
0.147,0.4979559995708284,0.35504400042917156
0.148,0.4977632676177353,0.35423673238226466
0.149,0.4975631678655494,0.3534368321344506
0.15,0.4973557908318597,0.35264420916814027
0.151,0.49714122592238774,0.35185877407761224
0.15163654758255937,0.497,0.3513634524174406
0.152,0.49691922328944704,0.35108077671055293
0.153,0.49668958617091025,0.35031041382908973
0.154,0.49645299535368015,0.3495470046463198
0.155,0.49620953640319737,0.3487904635968026
0.15583699740539544,0.496,0.34816300259460453
0.156,0.4959591226997551,0.34804087730024486
0.157,0.49570110067149054,0.34729889932850944
0.158,0.49543643503568446,0.3465635649643155
0.159,0.49516520777012085,0.3458347922298791
0.15959430200794453,0.495,0.34540569799205545
0.16,0.494887026730885,0.34511297326911494
0.161,0.4946017246711956,0.34439827532880435
0.162,0.4943100765088781,0.3436899234911219
0.163,0.494012160864343,0.34298783913565695
0.1630398939317639,0.494,0.3429601060682361
0.164,0.4937068272320029,0.3422931727679971
0.165,0.4933953057098008,0.3416046942901992
0.166,0.4930777238277394,0.34092227617226056
0.16623975628277923,0.493,0.3407602437172208
0.167,0.492753121698339,0.34024687830166095
0.168,0.49242225889655006,0.3395777411034499
0.169,0.49208553714321107,0.3389144628567889
0.1692492715275982,0.492,0.33875072847240184
0.17,0.4917419463941432,0.33825805360585676
0.171,0.4913922597164638,0.3376077402835362
0.172,0.4910369100514088,0.33696308994859125
0.174,0.4903065940172768,0.3356934059827233
0.17482054459386995,0.49,0.33517945540613003
0.176,0.48955234911693335,0.3344476508830667
0.178,0.48877443734689546,0.3332255626531046
0.1799334457681438,0.488,0.33206655423185616
0.18,0.48797311543272887,0.3320268845672712
0.182,0.48714800626218063,0.3308519937378194
0.184,0.4862999661756969,0.3297000338243032
0.1846943269793259,0.486,0.32930567302067415
0.186,0.48542935014789096,0.3285706498521091
0.188,0.48453639505747187,0.3274636049425282
0.18917820216119755,0.484,0.3268217978388025
0.19,0.4836213333581921,0.326378666641808
0.192,0.4826843932241735,0.32531560677582655
0.1934316339705665,0.482,0.3245683660294335
0.194,0.48172579868931253,0.3242742013106875
0.196,0.48074576978106903,0.323254230218931
0.19749279313386056,0.48,0.32250720686613943
0.198,0.4797445226489262,0.32225547735107385
0.2,0.4787222696877911,0.32127773031220896
0.2013884816766618,0.478,0.32061151832333823
0.202,0.4776792196565893,0.3203207803434107
0.204,0.4766155777922918,0.31938442220770824
0.205,0.4760764731448232,0.31892352685517683
0.20514054555869696,0.476,0.31885945444130304
0.206,0.4755315459195985,0.31846845408040153
0.20696809083508666,0.475,0.3180319091649134
0.207,0.4749824492631675,0.3180175507368325
0.208,0.4744273225564916,0.3175726774435084
0.20876425425695394,0.474,0.31723574574304614
0.209,0.4738679562067583,0.3171320437932417
0.21,0.47330310301585454,0.3166968969841455
0.2105325822271216,0.473,0.31646741777287846
0.211,0.47273351919092627,0.31626648080907377
0.212,0.47215907950334873,0.3158409204966513
0.21227474074884334,0.472,0.3157252592511567
0.213,0.47157932906844663,0.3154206709315534
0.2139921720773942,0.471,0.31500782792260584
0.214,0.47099542126130556,0.3150045787386945
0.215,0.47040557371961766,0.31459442628038237
0.21568313870188585,0.47,0.3143168612981142
0.216,0.4698115517587496,0.3141884482412504
0.217,0.4692124381416731,0.3137875618583269
0.21735206785626748,0.469,0.31364793214373254
0.218,0.468608349594525,0.313391650405475
0.219,0.4680001045350247,0.3129998954649753
0.21900017052194776,0.468,0.3129998294780522
0.22,0.4673859957486493,0.3126140042513507
0.22062473615402248,0.467,0.3123752638459775
0.221,0.46676773193986093,0.3122322680601391
0.222,0.466144668523076,0.311855331476924
0.22223058996147954,0.466,0.3117694100385204
0.223,0.4655164299903673,0.3114835700096327
0.2238168872290255,0.465,0.3111831127709745
0.224,0.4648840318155125,0.3111159681844875
0.225,0.4642463737134611,0.3107536262865389
0.22538398264084294,0.464,0.31061601735915706
0.226,0.4636040433981145,0.3103959566018855
0.22693444309030494,0.463,0.310065556909695
0.227,0.462957546972846,0.310042453027154
0.228,0.4623055143305007,0.3096944856694993
0.2284658917207873,0.462,0.3095341082792126
0.229,0.4616491255020762,0.3093508744979238
0.2299827153776868,0.461,0.3090172846223132
0.23,0.46098856227130347,0.30901143772869655
0.231,0.46032237189332,0.30867762810668004
0.2314812999618807,0.46,0.30851870003811926
0.232,0.4596519532310245,0.30834804676897554
0.2329664832674916,0.459,0.3080335167325084
0.233,0.458977350069855,0.308022649930145
0.234,0.4582972155993656,0.3077027844006344
0.2344346999626717,0.458,0.30756530003732835
0.235,0.45761279128792004,0.30738720871208
0.2358900596912519,0.457,0.3071099403087481
0.236,0.45692417059481794,0.3070758294051821
0.237,0.45623030268483855,0.30676969731516146
0.2373301540442991,0.456,0.30666984595570085
0.238,0.45553189250285747,0.30646810749714254
0.23875734786586325,0.455,0.30624265213413676
0.239,0.45482927228543096,0.30617072771456905
0.24,0.454121878763393,0.305878121236607
0.240171345522051,0.454,0.305828654477949
0.241,0.4534094981646668,0.3055905018353332
0.24157188975215782,0.453,0.30542811024784217
0.242,0.45269289211846536,0.30530710788153465
0.24296129574022335,0.452,0.3050387042597766
0.243,0.451972050999059,0.305027949000941
0.244,0.4512458383323844,0.3047541616676156
0.24433690775747866,0.451,0.30466309224252136
0.245,0.45051525591305464,0.30448474408694537
0.24570157286907782,0.45,0.3042984271309222
0.246,0.4497804205242499,0.3042195794757501
0.247,0.44904113212771246,0.30395886787228754
0.24705534075819693,0.449,0.3039446592418031
0.248,0.4482965786168289,0.3037034213831711
0.24839650294787244,0.448,0.3036034970521276
0.249,0.44754775249613216,0.30345224750386784
0.24972769073918807,0.447,0.3032723092608119
0.25,0.44679464236432737,0.30320535763567263
0.251,0.44603706457436065,0.30296293542563935
0.251048675559034,0.446,0.302951324440966
0.252,0.44527424714996755,0.30272575285003245
0.2523579319795303,0.445,0.3026420680204696
0.253,0.4445071235842355,0.3024928764157645
0.2536577953364611,0.444,0.30234220466353884
0.254,0.44373568141871744,0.30226431858128255
0.25494841252158695,0.443,0.30205158747841304
0.255,0.44295990788562173,0.30204009211437827
0.256,0.44217895104992366,0.30182104895007633
0.2562281555580252,0.442,0.30177184444197475
0.257,0.4413934644427853,0.30160653555721467
0.2574986309130293,0.441,0.3015013690869706
0.258,0.4406036210638494,0.30139637893615057
0.25876037166623816,0.44,0.3012396283337619
0.259,0.4398094070585253,0.3011905929414747
0.26,0.43901075743449247,0.3009892425655075
0.2600134064020662,0.439,0.3009865935979337
0.261,0.43820683031733815,0.30079316968266184
0.2612562411589707,0.438,0.3007437588410293
0.262,0.4373985046279238,0.3006014953720762
0.26249080529628627,0.437,0.3005091947037138
0.263,0.43658576540055744,0.30041423459944255
0.2637172170006816,0.436,0.3002827829993184
0.264,0.43576859733773776,0.3002314026622622
0.2649355916294111,0.435,0.30006440837058884
0.265,0.43494698480642063,0.30005301519357935
0.266,0.4341203356446452,0.2998796643553548
0.26614498683247767,0.434,0.29985501316752233
0.267,0.43328897441375863,0.29971102558624135
0.26734617325446985,0.433,0.29965382674553015
0.268,0.4324531365770569,0.29954686342294307
0.26853972418184013,0.432,0.29946027581815987
0.269,0.4316128053408246,0.2993871946591754
0.26972574246839465,0.431,0.29927425753160536
0.27,0.43076796356027525,0.29923203643972474
0.2709043285944996,0.43,0.29909567140550036
0.271,0.4299185937353007,0.29908140626469926
0.272,0.4290643655401063,0.2989356344598937
0.2720750540252053,0.429,0.29892494597479474
0.273,0.4282051990462571,0.2987948009537429
0.2732379343667643,0.428,0.29876206563323565
0.274,0.427341468033714,0.298658531966286
0.27439373211543927,0.427,0.29860626788456074
0.275,0.4264731537840715,0.29852684621592845
0.27554253725232797,0.426,0.2984574627476721
0.276,0.4256002372058815,0.29839976279411845
0.27668443775328566,0.425,0.29831556224671435
0.277,0.42472269882983793,0.29827730117016205
0.27781951964393903,0.424,0.298180480356061
0.278,0.42384051880384355,0.29815948119615643
0.27894786705286617,0.423,0.2980521329471338
0.279,0.42295367688795693,0.29804632311204304
0.28,0.4220618461354151,0.2979381538645849
0.280069098826646,0.422,0.297930901173354
0.281,0.4211651042327416,0.29783489576725836
0.281183461798168,0.421,0.297816538201832
0.282,0.42026365764162166,0.2977363423583783
0.2822913825200891,0.42,0.2977086174799109
0.283,0.4193574848068507,0.2976425151931494
0.28339293672435817,0.419,0.29760706327564185
0.284,0.4184465637642631,0.2975534362357369
0.28448819852605634,0.418,0.2975118014739437
0.285,0.4175308721350325,0.2974691278649676
0.28557724046559974,0.417,0.2974227595344003
0.286,0.4166103871198352,0.29738961288016474
0.28666013354959663,0.416,0.2973398664504034
0.287,0.4156850854928755,0.2973149145071246
0.2877369472904119,0.415,0.29726305270958814
0.288,0.41475494359576603,0.29724505640423393
0.2888077497444821,0.414,0.29719225025551793
0.289,0.41381993733126393,0.29718006266873614
0.2898726075494316,0.413,0.29712739245056846
0.29,0.4128800421568567,0.29711995784314327
0.2909315859600292,0.412,0.2970684140399708
0.291,0.41193523307819513,0.29706476692180495
0.29198474888303017,0.411,0.29701525111696986
0.292,0.4109854846423707,0.29701451535762924
0.293,0.41003061369828353,0.29696938630171654
0.2930319585908387,0.41,0.2969680414091613
0.294,0.4090707012689324,0.29692929873106755
0.2940734193866336,0.409,0.29692658061336635
0.295,0.40810579478664966,0.2968942052133504
0.2951092858710346,0.408,0.29689071412896545
0.296,0.4071358672682571,0.29686413273174284
0.29613961598863164,0.407,0.29686038401136844
0.297,0.406160891243865,0.29683910875613506
0.2981838931115667,0.405,0.2968161068884333
0.299,0.4041956813184355,0.2968043186815646
0.3002066915390622,0.403,0.29679330846093777
0.301,0.40220993522527926,0.2967900647747208
0.3022084347395464,0.401,0.2967915652604536
0.303,0.40020341488916134,0.29679658511083873
0.30418952967663293,0.399,0.29681047032336705
0.305,0.39817587367578305,0.296824126324217
0.30615036757289243,0.397,0.2968496324271075
0.307,0.39612705610990273,0.29687294389009733
0.30809132463010525,0.395,0.29690867536989474
0.309,0.39405669757983136,0.2969433024201687
0.3100127627088544,0.393,0.2969872372911455
0.311,0.39196433061660135,0.2970356693833987
0.3119145420822173,0.391,0.2970854579177826
0.313,0.3898494295292452,0.2971505704707549
0.31379731428000635,0.389,0.29720268571999364
0.315,0.3877120030142041,0.29728799698579594
0.3156614800639783,0.387,0.2973385199360217
0.317,0.38555174211260373,0.2974482578873963
0.3175073540635065,0.385,0.2974926459364935
0.319,0.38336832681674693,0.2976316731832531
0.3193352392295408,0.383,0.2976647607704592
0.321,0.3811614256661061,0.29783857433389394
0.3211454273316935,0.381,0.2978545726683065
0.32293786036698674,0.379,0.2980621396330132
0.323,0.378930299064142,0.29806970093585805
0.324712269078578,0.377,0.298287730921422
0.325,0.3766739125896184,0.29832608741038164
0.326469722076902,0.375,0.29853027792309805
0.327,0.37439280824853677,0.2986071917514633
0.32821047385741514,0.373,0.2987895261425848
0.329,0.37208659826040635,0.2989134017395937
0.32993442145649526,0.371,0.2990655785435048
0.331,0.3697534289185946,0.29924657108140545
0.33164095435429697,0.369,0.29935904564570304
0.333,0.367393641292197,0.29960635870780306
0.3333314357520187,0.367,0.2996685642479813
0.335,0.3650073055709773,0.2999926944290227
0.33500608786910807,0.365,0.2999939121308919
0.33666338373069216,0.363,0.30033661626930785
0.337,0.36259149106384114,0.3004085089361589
0.33830518679670435,0.361,0.3006948132032956
0.339,0.3601479477543676,0.30085205224563244
0.33993137901316284,0.359,0.3010686209868372
0.341,0.3576742042673567,0.30132579573264334
0.34154087567454366,0.357,0.3014591243254563
0.343,0.35517061829237967,0.30182938170762036
0.3431354481797613,0.355,0.30186455182023875
0.3439268257520204,0.354,0.30207317424797964
0.344,0.35390722252009976,0.30209277747990027
0.34471383977181747,0.353,0.30228616022818255
0.345,0.3526352486921616,0.3023647513078384
0.345497201947117,0.352,0.30250279805288305
0.346,0.3513557025131977,0.3026442974868023
0.3462769338619606,0.351,0.30272306613803934
0.347,0.35006850988693416,0.30293149011306586
0.34705305670893644,0.35,0.30294694329106353
0.3478247186978285,0.349,0.30317528130217153
0.348,0.34877212462673685,0.3032278753732632
0.3485925369665709,0.348,0.30340746303342914
0.349,0.34746742969761407,0.30353257030238595
0.34935679819289617,0.347,0.3036432018071038
0.35,0.3461547882915917,0.30384521170840834
0.3501175222548716,0.346,0.30388247774512844
0.3508741081765334,0.345,0.3041258918234666
0.351,0.3448330203490234,0.3041669796509766
0.3516266028134345,0.344,0.30437339718656553
0.352,0.34350204785871474,0.3044979521412853
0.35237560937125884,0.343,0.3046243906287411
0.353,0.3421628051206695,0.30483719487933053
0.35312114647968174,0.342,0.30487885352031824
0.35386256168465857,0.341,0.3051374383153414
0.354,0.34081395569964285,0.3051860443003572
0.35459993967087733,0.34,0.30540006032912265
0.355,0.33945548452460483,0.3055445154753952
0.3553338944780859,0.339,0.30566610552191403
0.356,0.3380883931662364,0.3059116068337636
0.3560644435490007,0.338,0.3059355564509993
0.35679059196183255,0.337,0.3062094080381674
0.357,0.3367106046859195,0.3062893953140805
0.35751304751502166,0.336,0.3064869524849783
0.358,0.3353233115911294,0.30667668840887063
0.3582321409037493,0.335,0.30676785909625076
0.3589476369344988,0.334,0.30705236306550115
0.359,0.33392650806483387,0.30707349193516614
0.35965867240037774,0.333,0.30734132759962224
0.36,0.33251825685236736,0.30748174314763266
0.3603663874653128,0.332,0.3076336125346872
0.361,0.3311007053802307,0.30789929461976934
0.3610707976597971,0.331,0.3079292023402029
0.36177082798811544,0.33,0.30822917201188454
0.362,0.3296714083111018,0.3083285916888982
0.3624672383216776,0.329,0.3085327616783224
